 1-bromo-adamantane                                               Feff 8.50L
 POT  Non-SCF, core-hole, AFOLP (folp(0)= 1.150)
 Abs   Z=35 Rmt= 1.346 Rnm= 1.565 K  shell
 Pot 1 Z= 6 Rmt= 0.889 Rnm= 1.046
 Pot 2 Z= 1 Rmt= 0.840 Rnm= 0.972
 Gam_ch=3.018E+00 H-L exch
 Mu= 4.480E+00 kf=2.227E+00 Vint=-1.442E+01 Rs_int= 1.628
 PATH  Rmax= 3.500,  Keep_limit= 0.00, Heap_limit 0.00  Pwcrit= 2.50%
 Path    1      icalc       2
 -----------------------------------------------------------------------
   2   1.000   1.9521    1.9603    4.48024 nleg, deg, reff, rnrmav(bohr), edge
        x         y         z   pot at#
    -0.0000   -0.0000   -0.0000  0  35 Br       absorbing atom
    -1.9521   -0.0002   -0.0000  1   6 C     
    k   real[2*phc]   mag[feff]  phase[feff] red factor   lambda     real[p]@#
 -0.000  6.3845E+00  6.5065E-05 -3.6788E+00  1.092E+00  1.1256E+01  2.2290E+00
  0.100  6.3824E+00  5.3034E-02 -4.0625E+00  1.092E+00  1.1267E+01  2.2312E+00
  0.200  6.3760E+00  1.0543E-01 -4.4316E+00  1.092E+00  1.1299E+01  2.2376E+00
  0.300  6.3654E+00  1.5658E-01 -4.7865E+00  1.092E+00  1.1351E+01  2.2482E+00
  0.400  6.3507E+00  2.0593E-01 -5.1273E+00  1.091E+00  1.1419E+01  2.2631E+00
  0.500  6.3319E+00  2.5298E-01 -5.4542E+00  1.090E+00  1.1502E+01  2.2820E+00
  0.600  6.3091E+00  2.9738E-01 -5.7674E+00  1.089E+00  1.1595E+01  2.3049E+00
  0.700  6.2825E+00  3.3871E-01 -6.0671E+00  1.089E+00  1.1693E+01  2.3318E+00
  0.800  6.2522E+00  3.7677E-01 -6.3536E+00  1.088E+00  1.1790E+01  2.3625E+00
  0.900  6.2183E+00  4.1139E-01 -6.6269E+00  1.087E+00  1.1882E+01  2.3968E+00
  1.000  6.1810E+00  4.4247E-01 -6.8874E+00  1.087E+00  1.1963E+01  2.4348E+00
  1.100  6.1404E+00  4.6998E-01 -7.1351E+00  1.087E+00  1.2026E+01  2.4761E+00
  1.200  6.0966E+00  4.9390E-01 -7.3702E+00  1.087E+00  1.2067E+01  2.5209E+00
  1.300  6.0498E+00  5.1426E-01 -7.5929E+00  1.087E+00  1.2081E+01  2.5689E+00
  1.400  6.0000E+00  5.3109E-01 -7.8033E+00  1.087E+00  1.2067E+01  2.6200E+00
  1.500  5.9475E+00  5.4444E-01 -8.0014E+00  1.088E+00  1.2023E+01  2.6742E+00
  1.600  5.8922E+00  5.5437E-01 -8.1873E+00  1.089E+00  1.1948E+01  2.7315E+00
  1.700  5.8343E+00  5.6093E-01 -8.3611E+00  1.091E+00  1.1845E+01  2.7918E+00
  1.800  5.7739E+00  5.6419E-01 -8.5230E+00  1.092E+00  1.1718E+01  2.8550E+00
  1.900  5.7110E+00  5.6421E-01 -8.6729E+00  1.094E+00  1.1573E+01  2.9212E+00
  2.000  5.6457E+00  5.6106E-01 -8.8110E+00  1.095E+00  1.1416E+01  2.9903E+00
  2.200  5.5085E+00  5.4567E-01 -9.0525E+00  1.098E+00  1.1100E+01  3.1376E+00
  2.400  5.3649E+00  5.1913E-01 -9.2450E+00  1.091E+00  1.0851E+01  3.2976E+00
  2.600  5.1637E+00  4.8063E-01 -9.3628E+00  1.074E+00  1.0765E+01  3.4839E+00
  2.800  5.0036E+00  4.9518E-01 -9.5386E+00  1.202E+00  6.7107E+00  3.6531E+00
  3.000  4.9360E+00  4.8047E-01 -9.7443E+00  1.248E+00  5.8267E+00  3.7868E+00
  3.200  4.8712E+00  4.4403E-01 -9.9372E+00  1.273E+00  5.4041E+00  3.9240E+00
  3.400  4.7976E+00  4.0337E-01 -1.0142E+01  1.284E+00  5.2006E+00  4.0696E+00
  3.600  4.7232E+00  3.7035E-01 -1.0363E+01  1.284E+00  5.1183E+00  4.2206E+00
  3.800  4.6479E+00  3.4658E-01 -1.0587E+01  1.278E+00  5.1111E+00  4.3764E+00
  4.000  4.5714E+00  3.2974E-01 -1.0809E+01  1.265E+00  5.1551E+00  4.5365E+00
  4.200  4.4918E+00  3.1823E-01 -1.1026E+01  1.247E+00  5.2366E+00  4.7005E+00
  4.400  4.4074E+00  3.0993E-01 -1.1233E+01  1.227E+00  5.3467E+00  4.8680E+00
  4.600  4.3177E+00  3.0346E-01 -1.1427E+01  1.204E+00  5.4799E+00  5.0385E+00
  4.800  4.2233E+00  2.9716E-01 -1.1604E+01  1.185E+00  5.6319E+00  5.2119E+00
  5.000  4.1249E+00  2.8979E-01 -1.1768E+01  1.163E+00  5.8001E+00  5.3877E+00
  5.200  4.0233E+00  2.8016E-01 -1.1916E+01  1.146E+00  5.9820E+00  5.5657E+00
  5.400  3.9194E+00  2.6797E-01 -1.2053E+01  1.131E+00  6.1762E+00  5.7456E+00
  5.600  3.8142E+00  2.5305E-01 -1.2180E+01  1.115E+00  6.3813E+00  5.9273E+00
  5.800  3.7083E+00  2.3579E-01 -1.2299E+01  1.103E+00  6.5962E+00  6.1105E+00
  6.000  3.6025E+00  2.1700E-01 -1.2412E+01  1.091E+00  6.8201E+00  6.2952E+00
  6.500  3.3430E+00  1.6823E-01 -1.2677E+01  1.066E+00  7.4149E+00  6.7619E+00
  7.000  3.0948E+00  1.2780E-01 -1.2925E+01  1.043E+00  8.0536E+00  7.2346E+00
  7.500  2.8585E+00  1.0276E-01 -1.3143E+01  1.024E+00  8.7305E+00  7.7120E+00
  8.000  2.6306E+00  9.2181E-02 -1.3318E+01  1.009E+00  9.4415E+00  8.1929E+00
  8.500  2.4118E+00  8.9545E-02 -1.3461E+01  9.959E-01  1.0184E+01  8.6767E+00
  9.000  2.1988E+00  8.7405E-02 -1.3600E+01  9.867E-01  1.0955E+01  9.1628E+00
  9.500  1.9941E+00  8.0791E-02 -1.3754E+01  9.799E-01  1.1752E+01  9.6508E+00
 10.000  1.7985E+00  6.9466E-02 -1.3934E+01  9.742E-01  1.2575E+01  1.0140E+01
 11.000  1.4323E+00  4.7812E-02 -1.4331E+01  9.643E-01  1.4292E+01  1.1123E+01
 12.000  1.0947E+00  4.0907E-02 -1.4495E+01  9.569E-01  1.6097E+01  1.2109E+01
 13.000  7.8039E-01  3.7599E-02 -1.4615E+01  9.496E-01  1.7982E+01  1.3098E+01
 14.000  4.8507E-01  2.7822E-02 -1.4894E+01  9.424E-01  1.9943E+01  1.4089E+01
 15.000  2.0793E-01  1.6276E-02 -1.5052E+01  9.380E-01  2.1974E+01  1.5081E+01
 16.000 -5.0840E-02  1.4168E-02 -1.4242E+01  9.357E-01  2.4072E+01  1.6075E+01
 17.000 -2.9335E-01  2.5162E-02 -1.3913E+01  9.342E-01  2.6234E+01  1.7069E+01
 18.000 -5.2024E-01  3.3087E-02 -1.4001E+01  9.339E-01  2.8455E+01  1.8065E+01
 19.000 -7.3409E-01  3.9005E-02 -1.4208E+01  9.341E-01  3.0734E+01  1.9060E+01
 20.000 -9.3546E-01  4.3233E-02 -1.4412E+01  9.347E-01  3.3068E+01  2.0057E+01
