 name:     NiO                                                    Feff 8.50L
 formula:  NiO
 sites:    Ni1,O1
 refer1:   wyckoff 1,III,88
 refer2:
 schoen:
 notes1:   salt, halite
 POT  SCF  30  4.2000   0, core-hole, AFOLP (folp(0)= 1.150)
 Abs   Z=28 Rmt= 1.315 Rnm= 1.375 K  shell
 Pot 1 Z=28 Rmt= 1.320 Rnm= 1.381
 Pot 2 Z= 8 Rmt= 1.014 Rnm= 1.061
 Gam_ch=1.576E+00 H-L exch
 Mu=-1.195E+01 kf=2.169E+00 Vint=-2.164E+01 Rs_int= 1.672
 PATH  Rmax= 5.900,  Keep_limit= 0.00, Heap_limit 0.00  Pwcrit= 2.50%
 Path   70      icalc       2
 -----------------------------------------------------------------------
   4  96.000   5.7946    2.3477  -11.95153 nleg, deg, reff, rnrmav(bohr), edge
        x         y         z   pot at#
    -0.0000   -0.0000   -0.0000  0  28 Ni       absorbing atom
     2.0842    2.0842    2.0842  2   8 O     
    -0.0000    2.0842    4.1684  2   8 O     
    -0.0000   -0.0000    2.0842  2   8 O     
    k   real[2*phc]   mag[feff]  phase[feff] red factor   lambda     real[p]@#
  0.000  3.2416E+00  4.7907E-05 -2.5591E+00  9.946E-01  1.5430E+01  1.5956E+00
  0.100  3.2419E+00  1.9629E-02 -3.6833E+00  9.946E-01  1.5459E+01  1.5986E+00
  0.200  3.2427E+00  3.8426E-02 -4.7469E+00  9.947E-01  1.5544E+01  1.6075E+00
  0.300  3.2439E+00  5.5655E-02 -5.7486E+00  9.949E-01  1.5681E+01  1.6223E+00
  0.400  3.2455E+00  7.0746E-02 -6.6902E+00  9.952E-01  1.5862E+01  1.6429E+00
  0.500  3.2475E+00  8.3335E-02 -7.5746E+00  9.956E-01  1.6076E+01  1.6689E+00
  0.600  3.2497E+00  9.3266E-02 -8.4047E+00  9.961E-01  1.6312E+01  1.7001E+00
  0.700  3.2520E+00  1.0056E-01 -9.1838E+00  9.966E-01  1.6553E+01  1.7364E+00
  0.800  3.2542E+00  1.0538E-01 -9.9151E+00  9.973E-01  1.6782E+01  1.7774E+00
  0.900  3.2561E+00  1.0797E-01 -1.0602E+01  9.980E-01  1.6983E+01  1.8229E+00
  1.000  3.2576E+00  1.0861E-01 -1.1246E+01  9.989E-01  1.7138E+01  1.8725E+00
  1.100  3.2584E+00  1.0761E-01 -1.1852E+01  1.000E+00  1.7231E+01  1.9261E+00
  1.200  3.2582E+00  1.0527E-01 -1.2421E+01  1.001E+00  1.7253E+01  1.9834E+00
  1.300  3.2567E+00  1.0183E-01 -1.2954E+01  1.003E+00  1.7194E+01  2.0442E+00
  1.400  3.2537E+00  9.7554E-02 -1.3454E+01  1.005E+00  1.7054E+01  2.1083E+00
  1.500  3.2488E+00  9.2629E-02 -1.3922E+01  1.007E+00  1.6837E+01  2.1755E+00
  1.600  3.2416E+00  8.7232E-02 -1.4359E+01  1.010E+00  1.6550E+01  2.2459E+00
  1.700  3.2318E+00  8.1510E-02 -1.4765E+01  1.013E+00  1.6206E+01  2.3191E+00
  1.800  3.2188E+00  7.5584E-02 -1.5141E+01  1.017E+00  1.5823E+01  2.3953E+00
  1.900  3.2021E+00  6.9558E-02 -1.5487E+01  1.021E+00  1.5417E+01  2.4744E+00
  2.000  3.1813E+00  6.3518E-02 -1.5801E+01  1.026E+00  1.5008E+01  2.5564E+00
  2.200  3.1259E+00  5.1682E-02 -1.6334E+01  1.038E+00  1.4258E+01  2.7291E+00
  2.400  3.0560E+00  4.0499E-02 -1.6736E+01  1.033E+00  1.3723E+01  2.9153E+00
  2.600  2.8786E+00  3.1823E-02 -1.6886E+01  1.059E+00  1.0520E+01  3.1295E+00
  2.800  2.8033E+00  2.6714E-02 -1.7383E+01  1.189E+00  6.8701E+00  3.2997E+00
  3.000  2.7942E+00  1.9169E-02 -1.8086E+01  1.232E+00  6.0063E+00  3.4431E+00
  3.200  2.7569E+00  1.1840E-02 -1.8683E+01  1.254E+00  5.5945E+00  3.5958E+00
  3.400  2.7002E+00  5.3732E-03 -1.9196E+01  1.259E+00  5.4123E+00  3.7546E+00
  3.600  2.6318E+00  4.1301E-05 -1.7645E+01  1.256E+00  5.3549E+00  3.9181E+00
  3.800  2.5533E+00  4.1776E-03 -1.6916E+01  1.244E+00  5.3754E+00  4.0858E+00
  4.000  2.4678E+00  7.0305E-03 -1.7264E+01  1.232E+00  5.4495E+00  4.2572E+00
  4.200  2.3780E+00  8.7685E-03 -1.7580E+01  1.214E+00  5.5629E+00  4.4320E+00
  4.400  2.2846E+00  9.5945E-03 -1.7863E+01  1.198E+00  5.7068E+00  4.6096E+00
  4.600  2.1895E+00  9.7206E-03 -1.8120E+01  1.183E+00  5.8752E+00  4.7897E+00
  4.800  2.0947E+00  9.3469E-03 -1.8356E+01  1.166E+00  6.0640E+00  4.9721E+00
  5.000  1.9999E+00  8.6704E-03 -1.8572E+01  1.151E+00  6.2702E+00  5.1564E+00
  5.200  1.9061E+00  7.8306E-03 -1.8773E+01  1.137E+00  6.4917E+00  5.3424E+00
  5.400  1.8134E+00  6.9270E-03 -1.8962E+01  1.123E+00  6.7267E+00  5.5299E+00
  5.600  1.7213E+00  6.0330E-03 -1.9140E+01  1.109E+00  6.9740E+00  5.7187E+00
  5.800  1.6303E+00  5.2022E-03 -1.9310E+01  1.096E+00  7.2324E+00  5.9086E+00
  6.000  1.5398E+00  4.4583E-03 -1.9471E+01  1.085E+00  7.5011E+00  6.0996E+00
  6.500  1.3161E+00  2.9950E-03 -1.9828E+01  1.059E+00  8.2135E+00  6.5807E+00
  7.000  1.0961E+00  1.9906E-03 -2.0119E+01  1.038E+00  8.9779E+00  7.0660E+00
  7.500  8.8285E-01  1.3048E-03 -2.0353E+01  1.023E+00  9.7884E+00  7.5543E+00
  8.000  6.7964E-01  8.3191E-04 -2.0536E+01  1.010E+00  1.0641E+01  8.0450E+00
  8.500  4.8770E-01  5.1053E-04 -2.0651E+01  9.987E-01  1.1533E+01  8.5374E+00
  9.000  3.0548E-01  3.0853E-04 -2.0623E+01  9.878E-01  1.2462E+01  9.0312E+00
  9.500  1.2909E-01  2.1683E-04 -2.0392E+01  9.762E-01  1.3426E+01  9.5261E+00
 10.000 -4.3198E-02  2.0730E-04 -2.0170E+01  9.652E-01  1.4423E+01  1.0022E+01
 11.000 -3.7293E-01  2.2571E-04 -2.0227E+01  9.502E-01  1.6512E+01  1.1015E+01
 12.000 -6.7758E-01  2.1009E-04 -2.0507E+01  9.404E-01  1.8720E+01  1.2011E+01
 13.000 -9.5849E-01  1.8403E-04 -2.0832E+01  9.348E-01  2.1042E+01  1.3007E+01
 14.000 -1.2181E+00  1.5747E-04 -2.1210E+01  9.322E-01  2.3471E+01  1.4005E+01
 15.000 -1.4590E+00  1.2853E-04 -2.1613E+01  9.307E-01  2.6002E+01  1.5003E+01
 16.000 -1.6828E+00  1.0156E-04 -2.1991E+01  9.306E-01  2.8632E+01  1.6001E+01
 17.000 -1.8911E+00  7.9310E-05 -2.2336E+01  9.311E-01  3.1356E+01  1.7000E+01
 18.000 -2.0859E+00  6.2409E-05 -2.2686E+01  9.319E-01  3.4172E+01  1.7999E+01
 19.000 -2.2679E+00  4.9922E-05 -2.3036E+01  9.330E-01  3.7076E+01  1.8998E+01
 20.000 -2.4388E+00  3.9648E-05 -2.3375E+01  9.340E-01  4.0065E+01  1.9998E+01
