 name:     NiO                                                    Feff 8.50L
 formula:  NiO
 sites:    Ni1,O1
 refer1:   wyckoff 1,III,88
 refer2:
 schoen:
 notes1:   salt, halite
 POT  SCF  30  4.2000   0, core-hole, AFOLP (folp(0)= 1.150)
 Abs   Z=28 Rmt= 1.315 Rnm= 1.375 K  shell
 Pot 1 Z=28 Rmt= 1.320 Rnm= 1.381
 Pot 2 Z= 8 Rmt= 1.014 Rnm= 1.061
 Gam_ch=1.576E+00 H-L exch
 Mu=-1.195E+01 kf=2.169E+00 Vint=-2.164E+01 Rs_int= 1.672
 PATH  Rmax= 5.900,  Keep_limit= 0.00, Heap_limit 0.00  Pwcrit= 2.50%
 Path   54      icalc       2
 -----------------------------------------------------------------------
   5  48.000   5.6422    2.3477  -11.95153 nleg, deg, reff, rnrmav(bohr), edge
        x         y         z   pot at#
    -0.0000   -0.0000   -0.0000  0  28 Ni       absorbing atom
    -0.0000    2.0842   -0.0000  2   8 O     
     2.0842    2.0842   -0.0000  1  28 Ni    
    -0.0000    2.0842   -0.0000  2   8 O     
    -2.0842    2.0842   -0.0000  1  28 Ni    
    k   real[2*phc]   mag[feff]  phase[feff] red factor   lambda     real[p]@#
  0.000  3.2416E+00  6.1311E-05 -6.0271E+00  9.946E-01  1.5430E+01  1.5956E+00
  0.100  3.2419E+00  2.4754E-02 -7.1199E+00  9.946E-01  1.5459E+01  1.5986E+00
  0.200  3.2427E+00  4.6435E-02 -8.1518E+00  9.947E-01  1.5544E+01  1.6075E+00
  0.300  3.2439E+00  6.2847E-02 -9.1256E+00  9.949E-01  1.5681E+01  1.6223E+00
  0.400  3.2455E+00  7.3153E-02 -1.0049E+01  9.952E-01  1.5862E+01  1.6429E+00
  0.500  3.2475E+00  7.7800E-02 -1.0927E+01  9.956E-01  1.6076E+01  1.6689E+00
  0.600  3.2497E+00  7.7993E-02 -1.1768E+01  9.961E-01  1.6312E+01  1.7001E+00
  0.700  3.2520E+00  7.5145E-02 -1.2573E+01  9.966E-01  1.6553E+01  1.7364E+00
  0.800  3.2542E+00  7.0495E-02 -1.3345E+01  9.973E-01  1.6782E+01  1.7774E+00
  0.900  3.2561E+00  6.4946E-02 -1.4085E+01  9.980E-01  1.6983E+01  1.8229E+00
  1.000  3.2576E+00  5.9116E-02 -1.4794E+01  9.989E-01  1.7138E+01  1.8725E+00
  1.100  3.2584E+00  5.3288E-02 -1.5469E+01  1.000E+00  1.7231E+01  1.9261E+00
  1.200  3.2582E+00  4.7658E-02 -1.6112E+01  1.001E+00  1.7253E+01  1.9834E+00
  1.300  3.2567E+00  4.2310E-02 -1.6722E+01  1.003E+00  1.7194E+01  2.0442E+00
  1.400  3.2537E+00  3.7275E-02 -1.7300E+01  1.005E+00  1.7054E+01  2.1083E+00
  1.500  3.2488E+00  3.2558E-02 -1.7844E+01  1.007E+00  1.6837E+01  2.1755E+00
  1.600  3.2416E+00  2.8147E-02 -1.8354E+01  1.010E+00  1.6550E+01  2.2459E+00
  1.700  3.2318E+00  2.4066E-02 -1.8829E+01  1.013E+00  1.6206E+01  2.3191E+00
  1.800  3.2188E+00  2.0312E-02 -1.9267E+01  1.017E+00  1.5823E+01  2.3953E+00
  1.900  3.2021E+00  1.6888E-02 -1.9665E+01  1.021E+00  1.5417E+01  2.4744E+00
  2.000  3.1813E+00  1.3832E-02 -2.0018E+01  1.026E+00  1.5008E+01  2.5564E+00
  2.200  3.1259E+00  8.8909E-03 -2.0559E+01  1.038E+00  1.4258E+01  2.7291E+00
  2.400  3.0560E+00  5.2862E-03 -2.0842E+01  1.033E+00  1.3723E+01  2.9153E+00
  2.600  2.8786E+00  3.1778E-03 -2.1009E+01  1.059E+00  1.0520E+01  3.1295E+00
  2.800  2.8033E+00  3.0121E-03 -2.1541E+01  1.189E+00  6.8701E+00  3.2997E+00
  3.000  2.7942E+00  1.9416E-03 -2.1816E+01  1.232E+00  6.0063E+00  3.4431E+00
  3.200  2.7569E+00  2.6085E-03 -2.0591E+01  1.254E+00  5.5945E+00  3.5958E+00
  3.400  2.7002E+00  8.5396E-03 -2.0760E+01  1.259E+00  5.4123E+00  3.7546E+00
  3.600  2.6318E+00  1.6950E-02 -2.1171E+01  1.256E+00  5.3549E+00  3.9181E+00
  3.800  2.5533E+00  2.6472E-02 -2.1592E+01  1.244E+00  5.3754E+00  4.0858E+00
  4.000  2.4678E+00  3.6009E-02 -2.1983E+01  1.232E+00  5.4495E+00  4.2572E+00
  4.200  2.3780E+00  4.3785E-02 -2.2345E+01  1.214E+00  5.5629E+00  4.4320E+00
  4.400  2.2846E+00  4.9228E-02 -2.2681E+01  1.198E+00  5.7068E+00  4.6096E+00
  4.600  2.1895E+00  5.2222E-02 -2.3002E+01  1.183E+00  5.8752E+00  4.7897E+00
  4.800  2.0947E+00  5.2551E-02 -2.3301E+01  1.166E+00  6.0640E+00  4.9721E+00
  5.000  1.9999E+00  5.1327E-02 -2.3591E+01  1.151E+00  6.2702E+00  5.1564E+00
  5.200  1.9061E+00  4.8992E-02 -2.3872E+01  1.137E+00  6.4917E+00  5.3424E+00
  5.400  1.8134E+00  4.5976E-02 -2.4141E+01  1.123E+00  6.7267E+00  5.5299E+00
  5.600  1.7213E+00  4.2658E-02 -2.4404E+01  1.109E+00  6.9740E+00  5.7187E+00
  5.800  1.6303E+00  3.9251E-02 -2.4660E+01  1.096E+00  7.2324E+00  5.9086E+00
  6.000  1.5398E+00  3.6025E-02 -2.4911E+01  1.085E+00  7.5011E+00  6.0996E+00
  6.500  1.3161E+00  2.8659E-02 -2.5521E+01  1.059E+00  8.2135E+00  6.5807E+00
  7.000  1.0961E+00  2.3048E-02 -2.6109E+01  1.038E+00  8.9779E+00  7.0660E+00
  7.500  8.8285E-01  1.9056E-02 -2.6655E+01  1.023E+00  9.7884E+00  7.5543E+00
  8.000  6.7964E-01  1.6013E-02 -2.7140E+01  1.010E+00  1.0641E+01  8.0450E+00
  8.500  4.8770E-01  1.3450E-02 -2.7572E+01  9.987E-01  1.1533E+01  8.5374E+00
  9.000  3.0548E-01  1.1203E-02 -2.7969E+01  9.878E-01  1.2462E+01  9.0312E+00
  9.500  1.2909E-01  9.2730E-03 -2.8348E+01  9.762E-01  1.3426E+01  9.5261E+00
 10.000 -4.3198E-02  7.6696E-03 -2.8716E+01  9.652E-01  1.4423E+01  1.0022E+01
 11.000 -3.7293E-01  5.2065E-03 -2.9411E+01  9.502E-01  1.6512E+01  1.1015E+01
 12.000 -6.7758E-01  3.4282E-03 -3.0054E+01  9.404E-01  1.8720E+01  1.2011E+01
 13.000 -9.5849E-01  2.2094E-03 -3.0659E+01  9.348E-01  2.1042E+01  1.3007E+01
 14.000 -1.2181E+00  1.4608E-03 -3.1232E+01  9.322E-01  2.3471E+01  1.4005E+01
 15.000 -1.4590E+00  1.0025E-03 -3.1794E+01  9.307E-01  2.6002E+01  1.5003E+01
 16.000 -1.6828E+00  6.7214E-04 -3.2360E+01  9.306E-01  2.8632E+01  1.6001E+01
 17.000 -1.8911E+00  4.3837E-04 -3.2840E+01  9.311E-01  3.1356E+01  1.7000E+01
 18.000 -2.0859E+00  3.2754E-04 -3.3219E+01  9.319E-01  3.4172E+01  1.7999E+01
 19.000 -2.2679E+00  2.7293E-04 -3.3690E+01  9.330E-01  3.7076E+01  1.8998E+01
 20.000 -2.4388E+00  2.2253E-04 -3.4294E+01  9.340E-01  4.0065E+01  1.9998E+01
