 name:     NiO                                                    Feff 8.50L
 formula:  NiO
 sites:    Ni1,O1
 refer1:   wyckoff 1,III,88
 refer2:
 schoen:
 notes1:   salt, halite
 POT  SCF  30  4.2000   0, core-hole, AFOLP (folp(0)= 1.150)
 Abs   Z=28 Rmt= 1.315 Rnm= 1.375 K  shell
 Pot 1 Z=28 Rmt= 1.320 Rnm= 1.381
 Pot 2 Z= 8 Rmt= 1.014 Rnm= 1.061
 Gam_ch=1.576E+00 H-L exch
 Mu=-1.195E+01 kf=2.169E+00 Vint=-2.164E+01 Rs_int= 1.672
 PATH  Rmax= 5.900,  Keep_limit= 0.00, Heap_limit 0.00  Pwcrit= 2.50%
 Path   18      icalc       2
 -----------------------------------------------------------------------
   3  48.000   4.8461    2.3477  -11.95153 nleg, deg, reff, rnrmav(bohr), edge
        x         y         z   pot at#
    -0.0000   -0.0000   -0.0000  0  28 Ni       absorbing atom
    -2.0842   -0.0000   -0.0000  2   8 O     
     2.0842    2.0842   -0.0000  1  28 Ni    
    k   real[2*phc]   mag[feff]  phase[feff] red factor   lambda     real[p]@#
  0.000  3.2416E+00  8.9289E-05 -2.4363E+00  9.946E-01  1.5430E+01  1.5956E+00
  0.100  3.2419E+00  3.6505E-02 -3.3732E+00  9.946E-01  1.5459E+01  1.5986E+00
  0.200  3.2427E+00  7.1041E-02 -4.2540E+00  9.947E-01  1.5544E+01  1.6075E+00
  0.300  3.2439E+00  1.0202E-01 -5.0795E+00  9.949E-01  1.5681E+01  1.6223E+00
  0.400  3.2455E+00  1.2851E-01 -5.8540E+00  9.952E-01  1.5862E+01  1.6429E+00
  0.500  3.2475E+00  1.5029E-01 -6.5822E+00  9.956E-01  1.6076E+01  1.6689E+00
  0.600  3.2497E+00  1.6769E-01 -7.2678E+00  9.961E-01  1.6312E+01  1.7001E+00
  0.700  3.2520E+00  1.8139E-01 -7.9141E+00  9.966E-01  1.6553E+01  1.7364E+00
  0.800  3.2542E+00  1.9214E-01 -8.5233E+00  9.973E-01  1.6782E+01  1.7774E+00
  0.900  3.2561E+00  2.0061E-01 -9.0972E+00  9.980E-01  1.6983E+01  1.8229E+00
  1.000  3.2576E+00  2.0732E-01 -9.6371E+00  9.989E-01  1.7138E+01  1.8725E+00
  1.100  3.2584E+00  2.1266E-01 -1.0144E+01  1.000E+00  1.7231E+01  1.9261E+00
  1.200  3.2582E+00  2.1683E-01 -1.0620E+01  1.001E+00  1.7253E+01  1.9834E+00
  1.300  3.2567E+00  2.1995E-01 -1.1064E+01  1.003E+00  1.7194E+01  2.0442E+00
  1.400  3.2537E+00  2.2206E-01 -1.1479E+01  1.005E+00  1.7054E+01  2.1083E+00
  1.500  3.2488E+00  2.2313E-01 -1.1865E+01  1.007E+00  1.6837E+01  2.1755E+00
  1.600  3.2416E+00  2.2309E-01 -1.2223E+01  1.010E+00  1.6550E+01  2.2459E+00
  1.700  3.2318E+00  2.2184E-01 -1.2552E+01  1.013E+00  1.6206E+01  2.3191E+00
  1.800  3.2188E+00  2.1925E-01 -1.2854E+01  1.017E+00  1.5823E+01  2.3953E+00
  1.900  3.2021E+00  2.1520E-01 -1.3127E+01  1.021E+00  1.5417E+01  2.4744E+00
  2.000  3.1813E+00  2.0954E-01 -1.3372E+01  1.026E+00  1.5008E+01  2.5564E+00
  2.200  3.1259E+00  1.9280E-01 -1.3768E+01  1.038E+00  1.4258E+01  2.7291E+00
  2.400  3.0560E+00  1.6450E-01 -1.4038E+01  1.033E+00  1.3723E+01  2.9153E+00
  2.600  2.8786E+00  1.3715E-01 -1.4175E+01  1.059E+00  1.0520E+01  3.1295E+00
  2.800  2.8033E+00  1.3679E-01 -1.4579E+01  1.189E+00  6.8701E+00  3.2997E+00
  3.000  2.7942E+00  1.1997E-01 -1.5037E+01  1.232E+00  6.0063E+00  3.4431E+00
  3.200  2.7569E+00  9.5027E-02 -1.5345E+01  1.254E+00  5.5945E+00  3.5958E+00
  3.400  2.7002E+00  7.0619E-02 -1.5435E+01  1.259E+00  5.4123E+00  3.7546E+00
  3.600  2.6318E+00  5.7084E-02 -1.5250E+01  1.256E+00  5.3549E+00  3.9181E+00
  3.800  2.5533E+00  6.3958E-02 -1.4993E+01  1.244E+00  5.3754E+00  4.0858E+00
  4.000  2.4678E+00  8.2236E-02 -1.4926E+01  1.232E+00  5.4495E+00  4.2572E+00
  4.200  2.3780E+00  1.0161E-01 -1.4996E+01  1.214E+00  5.5629E+00  4.4320E+00
  4.400  2.2846E+00  1.1764E-01 -1.5120E+01  1.198E+00  5.7068E+00  4.6096E+00
  4.600  2.1895E+00  1.2930E-01 -1.5267E+01  1.183E+00  5.8752E+00  4.7897E+00
  4.800  2.0947E+00  1.3610E-01 -1.5416E+01  1.166E+00  6.0640E+00  4.9721E+00
  5.000  1.9999E+00  1.3933E-01 -1.5568E+01  1.151E+00  6.2702E+00  5.1564E+00
  5.200  1.9061E+00  1.3965E-01 -1.5718E+01  1.137E+00  6.4917E+00  5.3424E+00
  5.400  1.8134E+00  1.3766E-01 -1.5861E+01  1.123E+00  6.7267E+00  5.5299E+00
  5.600  1.7213E+00  1.3409E-01 -1.5999E+01  1.109E+00  6.9740E+00  5.7187E+00
  5.800  1.6303E+00  1.2937E-01 -1.6133E+01  1.096E+00  7.2324E+00  5.9086E+00
  6.000  1.5398E+00  1.2389E-01 -1.6261E+01  1.085E+00  7.5011E+00  6.0996E+00
  6.500  1.3161E+00  1.0810E-01 -1.6560E+01  1.059E+00  8.2135E+00  6.5807E+00
  7.000  1.0961E+00  9.1527E-02 -1.6838E+01  1.038E+00  8.9779E+00  7.0660E+00
  7.500  8.8285E-01  7.6321E-02 -1.7108E+01  1.023E+00  9.7884E+00  7.5543E+00
  8.000  6.7964E-01  6.3335E-02 -1.7370E+01  1.010E+00  1.0641E+01  8.0450E+00
  8.500  4.8770E-01  5.2383E-02 -1.7620E+01  9.987E-01  1.1533E+01  8.5374E+00
  9.000  3.0548E-01  4.2824E-02 -1.7858E+01  9.878E-01  1.2462E+01  9.0312E+00
  9.500  1.2909E-01  3.4657E-02 -1.8088E+01  9.762E-01  1.3426E+01  9.5261E+00
 10.000 -4.3198E-02  2.8062E-02 -1.8314E+01  9.652E-01  1.4423E+01  1.0022E+01
 11.000 -3.7293E-01  1.9073E-02 -1.8756E+01  9.502E-01  1.6512E+01  1.1015E+01
 12.000 -6.7758E-01  1.3253E-02 -1.9176E+01  9.404E-01  1.8720E+01  1.2011E+01
 13.000 -9.5849E-01  9.1775E-03 -1.9575E+01  9.348E-01  2.1042E+01  1.3007E+01
 14.000 -1.2181E+00  6.5734E-03 -1.9945E+01  9.322E-01  2.3471E+01  1.4005E+01
 15.000 -1.4590E+00  4.8832E-03 -2.0289E+01  9.307E-01  2.6002E+01  1.5003E+01
 16.000 -1.6828E+00  3.6676E-03 -2.0608E+01  9.306E-01  2.8632E+01  1.6001E+01
 17.000 -1.8911E+00  2.8695E-03 -2.0896E+01  9.311E-01  3.1356E+01  1.7000E+01
 18.000 -2.0859E+00  2.3459E-03 -2.1174E+01  9.319E-01  3.4172E+01  1.7999E+01
 19.000 -2.2679E+00  1.9051E-03 -2.1466E+01  9.330E-01  3.7076E+01  1.8998E+01
 20.000 -2.4388E+00  1.5643E-03 -2.1742E+01  9.340E-01  4.0065E+01  1.9998E+01
