 Copper example                                                   Feff 8.50L
 POT  Non-SCF, core-hole, AFOLP (folp(0)= 1.150)
 Abs   Z=29 Rmt= 1.449 Rnm= 1.502 K  shell
 Pot 1 Z=29 Rmt= 1.354 Rnm= 1.391
 Gam_ch=1.729E+00 H-L exch
 Mu=-3.820E+00 kf=1.823E+00 Vint=-1.648E+01 Rs_int= 1.989
 PATH  Rmax= 5.200,  Keep_limit= 0.00, Heap_limit 0.00  Pwcrit= 2.50%
 Path   13      icalc       2
 -----------------------------------------------------------------------
   4  12.000   5.1053    2.6317   -3.82035 nleg, deg, reff, rnrmav(bohr), edge
        x         y         z   pot at#
    -0.0000   -0.0000   -0.0000  0  29 Cu       absorbing atom
     1.8050    1.8050   -0.0000  1  29 Cu    
     3.6100    3.6100   -0.0000  1  29 Cu    
     1.8050    1.8050   -0.0000  1  29 Cu    
    k   real[2*phc]   mag[feff]  phase[feff] red factor   lambda     real[p]@#
 -0.000  3.9536E+00  4.3463E-05 -1.1472E+00  9.914E-01  1.6076E+01  1.8240E+00
  0.100  3.9539E+00  3.9288E-02 -2.1370E+00  9.917E-01  1.6099E+01  1.8266E+00
  0.200  3.9549E+00  7.4474E-02 -3.0632E+00  9.923E-01  1.6166E+01  1.8345E+00
  0.300  3.9563E+00  1.0247E-01 -3.9326E+00  9.934E-01  1.6271E+01  1.8476E+00
  0.400  3.9579E+00  1.2185E-01 -4.7530E+00  9.950E-01  1.6406E+01  1.8657E+00
  0.500  3.9594E+00  1.3288E-01 -5.5327E+00  9.969E-01  1.6556E+01  1.8887E+00
  0.600  3.9602E+00  1.3705E-01 -6.2790E+00  9.992E-01  1.6707E+01  1.9166E+00
  0.700  3.9600E+00  1.3640E-01 -6.9973E+00  1.002E+00  1.6841E+01  1.9490E+00
  0.800  3.9582E+00  1.3286E-01 -7.6909E+00  1.005E+00  1.6939E+01  1.9859E+00
  0.900  3.9542E+00  1.2795E-01 -8.3611E+00  1.008E+00  1.6984E+01  2.0271E+00
  1.000  3.9476E+00  1.2271E-01 -9.0080E+00  1.012E+00  1.6962E+01  2.0723E+00
  1.100  3.9379E+00  1.1778E-01 -9.6309E+00  1.016E+00  1.6861E+01  2.1215E+00
  1.200  3.9245E+00  1.1343E-01 -1.0228E+01  1.020E+00  1.6679E+01  2.1745E+00
  1.300  3.9070E+00  1.0979E-01 -1.0799E+01  1.025E+00  1.6415E+01  2.2312E+00
  1.400  3.8849E+00  1.0682E-01 -1.1341E+01  1.031E+00  1.6080E+01  2.2916E+00
  1.500  3.8578E+00  1.0443E-01 -1.1852E+01  1.037E+00  1.5688E+01  2.3556E+00
  1.600  3.8253E+00  1.0247E-01 -1.2332E+01  1.043E+00  1.5258E+01  2.4232E+00
  1.700  3.7868E+00  1.0081E-01 -1.2779E+01  1.049E+00  1.4813E+01  2.4945E+00
  1.800  3.7421E+00  9.9262E-02 -1.3190E+01  1.055E+00  1.4377E+01  2.5696E+00
  1.900  3.6905E+00  9.7648E-02 -1.3563E+01  1.062E+00  1.3977E+01  2.6485E+00
  2.000  3.6316E+00  9.5734E-02 -1.3895E+01  1.067E+00  1.3640E+01  2.7315E+00
  2.200  3.4632E+00  9.6502E-02 -1.4374E+01  1.067E+00  1.3271E+01  2.9228E+00
  2.400  3.3401E+00  9.1484E-02 -1.4637E+01  1.238E+00  7.2182E+00  3.0985E+00
  2.600  3.3292E+00  6.3006E-02 -1.5494E+01  1.288E+00  6.1420E+00  3.2295E+00
  2.800  3.2952E+00  4.0028E-02 -1.6254E+01  1.306E+00  5.6508E+00  3.3679E+00
  3.000  3.2401E+00  2.6017E-02 -1.6683E+01  1.307E+00  5.4441E+00  3.5147E+00
  3.200  3.1738E+00  2.7706E-02 -1.6698E+01  1.291E+00  5.3837E+00  3.6677E+00
  3.400  3.0987E+00  5.1218E-02 -1.6975E+01  1.274E+00  5.4124E+00  3.8261E+00
  3.600  3.0181E+00  9.2519E-02 -1.7424E+01  1.251E+00  5.5015E+00  3.9893E+00
  3.800  2.9313E+00  1.5305E-01 -1.7889E+01  1.230E+00  5.6348E+00  4.1567E+00
  4.000  2.8405E+00  2.3431E-01 -1.8294E+01  1.210E+00  5.8022E+00  4.3279E+00
  4.200  2.7474E+00  3.3526E-01 -1.8650E+01  1.191E+00  5.9970E+00  4.5023E+00
  4.400  2.6511E+00  4.5388E-01 -1.8953E+01  1.170E+00  6.2147E+00  4.6796E+00
  4.600  2.5525E+00  5.8769E-01 -1.9222E+01  1.153E+00  6.4520E+00  4.8593E+00
  4.800  2.4521E+00  7.3184E-01 -1.9453E+01  1.138E+00  6.7064E+00  5.0411E+00
  5.000  2.3505E+00  8.8428E-01 -1.9658E+01  1.120E+00  6.9761E+00  5.2249E+00
  5.200  2.2481E+00  1.0414E+00 -1.9846E+01  1.104E+00  7.2595E+00  5.4103E+00
  5.400  2.1455E+00  1.1991E+00 -2.0008E+01  1.090E+00  7.5555E+00  5.5971E+00
  5.600  2.0441E+00  1.3560E+00 -2.0158E+01  1.076E+00  7.8631E+00  5.7852E+00
  5.800  1.9443E+00  1.5054E+00 -2.0295E+01  1.064E+00  8.1816E+00  5.9744E+00
  6.000  1.8460E+00  1.6459E+00 -2.0418E+01  1.052E+00  8.5103E+00  6.1646E+00
  6.500  1.6103E+00  1.9329E+00 -2.0685E+01  1.028E+00  9.3729E+00  6.6437E+00
  7.000  1.3852E+00  2.1123E+00 -2.0909E+01  1.010E+00  1.0289E+01  7.1268E+00
  7.500  1.1678E+00  2.1937E+00 -2.1098E+01  9.961E-01  1.1254E+01  7.6130E+00
  8.000  9.5322E-01  2.1989E+00 -2.1267E+01  9.839E-01  1.2263E+01  8.1016E+00
  8.500  7.5093E-01  2.1330E+00 -2.1425E+01  9.736E-01  1.3315E+01  8.5920E+00
  9.000  5.6108E-01  2.0220E+00 -2.1576E+01  9.653E-01  1.4406E+01  9.0838E+00
  9.500  3.8184E-01  1.8821E+00 -2.1725E+01  9.581E-01  1.5535E+01  9.5769E+00
 10.000  2.0813E-01  1.7354E+00 -2.1873E+01  9.504E-01  1.6700E+01  1.0071E+01
 11.000 -1.2827E-01  1.4589E+00 -2.2163E+01  9.358E-01  1.9134E+01  1.1061E+01
 12.000 -4.3781E-01  1.2136E+00 -2.2445E+01  9.269E-01  2.1697E+01  1.2053E+01
 13.000 -7.2609E-01  1.0166E+00 -2.2715E+01  9.225E-01  2.4383E+01  1.3047E+01
 14.000 -9.9165E-01  8.6220E-01 -2.2972E+01  9.202E-01  2.7184E+01  1.4042E+01
 15.000 -1.2376E+00  7.4493E-01 -2.3226E+01  9.199E-01  3.0095E+01  1.5038E+01
 16.000 -1.4671E+00  6.4691E-01 -2.3484E+01  9.203E-01  3.3111E+01  1.6035E+01
 17.000 -1.6798E+00  5.5066E-01 -2.3734E+01  9.215E-01  3.6227E+01  1.7032E+01
 18.000 -1.8794E+00  4.6539E-01 -2.3955E+01  9.230E-01  3.9439E+01  1.8030E+01
 19.000 -2.0658E+00  3.9510E-01 -2.4160E+01  9.247E-01  4.2744E+01  1.9028E+01
 20.000 -2.2408E+00  3.3660E-01 -2.4340E+01  9.264E-01  4.6138E+01  2.0026E+01
