# Uraninite                                                      Feff 8.50L  
# Wyckoff, R. W. G.
# Second edition. Interscience Publishers, New York, New York
# Fluorite structure
# POT  SCF  30  4.0000   0, core-hole, AFOLP (folp(0)= 1.150)
# Abs   Z=92 Rmt= 1.631 Rnm= 1.711 L3 shell
# Pot 1 Z=92 Rmt= 1.636 Rnm= 1.717
# Pot 2 Z= 8 Rmt= 1.044 Rnm= 1.096
# Gam_ch=8.104E+00 H-L exch
# Mu=-8.114E+00 kf=2.112E+00 Vint=-1.836E+01 Rs_int= 1.717
# PATH  Rmax= 5.500,  Keep_limit= 0.00, Heap_limit 0.00  Pwcrit= 2.50%
#  S02=0.909                                        Global_sig2= 0.00000
#  Curved wave amplitude ratio filter   4.000%
#     file         sig2 tot  cw amp ratio   deg  nlegs   reff  inp sig2
#           1       0.00000    100.00      8.00     2   2.3678
#           2       0.00000      7.81     24.00     3   3.7349
#           3       0.00000     55.64     12.00     2   3.8666
#           4       0.00000      8.54     24.00     3   4.3011
#           5       0.00000      9.11     48.00     3   4.3011
#           6       0.00000     31.04     24.00     2   4.5340
#           7       0.00000      5.77      8.00     3   4.7356
#           8       0.00000     17.88      8.00     4   4.7356
#           9       0.00000      5.91      8.00     4   4.7356
#          10       0.00000      6.21     24.00     4   4.7356
#          11       0.00000     13.45     48.00     3   4.8179
#          12       0.00000      4.51     24.00     4   5.1019
#          13       0.00000      7.49     96.00     3   5.3842
#          14       0.00000      4.84     96.00     3   5.3842
#          15       0.00000     15.29     96.00     3   5.3842
#          16       0.00000     10.03      6.00     2   5.4682
#    16/  16 paths used
#  xsedge+50, used to normalize mu           2.2249E-04
#  -----------------------------------------------------------------------
#  omega    e    k    mu    mu0     chi     @#
   17165.091     -8.104   0.050  7.23334E-01  8.59744E-01 -4.43964E-02
   17165.120     -8.076   0.100  7.27641E-01  8.62131E-01 -4.40505E-02
   17165.168     -8.028   0.150  7.40708E-01  8.69503E-01 -4.29466E-02
   17165.234     -7.961   0.200  7.53916E-01  8.76876E-01 -4.17543E-02
   17165.320     -7.876   0.250  7.75854E-01  8.89200E-01 -3.95495E-02
   17165.425     -7.771   0.300  7.98104E-01  9.01524E-01 -3.71080E-02
   17165.549     -7.647   0.350  8.28682E-01  9.18398E-01 -3.32894E-02
   17165.692     -7.504   0.400  8.59699E-01  9.35273E-01 -2.90324E-02
   17165.853     -7.342   0.450  8.98254E-01  9.55943E-01 -2.30001E-02
   17166.034     -7.161   0.500  9.37287E-01  9.76614E-01 -1.62954E-02
   17166.234     -6.961   0.550  9.82607E-01  9.99811E-01 -7.40820E-03
   17166.454     -6.742   0.600  1.02837E+00  1.02301E+00  2.40221E-03
   17166.692     -6.504   0.650  1.07822E+00  1.04691E+00  1.45811E-02
   17166.949     -6.247   0.700  1.12858E+00  1.07081E+00  2.79860E-02
   17167.225     -5.971   0.750  1.18088E+00  1.09324E+00  4.40550E-02
   17167.520     -5.675   0.800  1.23386E+00  1.11568E+00  6.17392E-02
   17167.835     -5.361   0.850  1.28681E+00  1.13455E+00  8.24004E-02
   17168.168     -5.028   0.900  1.34054E+00  1.15342E+00  1.05045E-01
   17168.520     -4.675   0.950  1.39250E+00  1.16717E+00  1.30799E-01
   17168.892     -4.304   1.000  1.44459E+00  1.18092E+00  1.58449E-01
   17169.282     -3.913   1.050  1.49264E+00  1.18880E+00  1.88440E-01
   17169.692     -3.504   1.100  1.53841E+00  1.19668E+00  2.18949E-01
   17170.121     -3.075   1.150  1.57617E+00  1.19881E+00  2.49041E-01
   17170.568     -2.627   1.200  1.60707E+00  1.20093E+00  2.76330E-01
   17171.035     -2.161   1.250  1.62444E+00  1.19807E+00  2.98213E-01
   17171.521     -1.675   1.300  1.62950E+00  1.19520E+00  3.12493E-01
   17172.026     -1.170   1.350  1.61602E+00  1.18846E+00  3.15604E-01
   17172.550     -0.646   1.400  1.58675E+00  1.18171E+00  3.06914E-01
   17173.092     -0.103   1.450  1.53785E+00  1.17232E+00  2.83527E-01
   17173.654      0.459   1.500  1.47462E+00  1.16292E+00  2.47631E-01
   17174.235      1.040   1.550  1.39687E+00  1.15205E+00  1.98650E-01
   17174.835      1.640   1.600  1.31215E+00  1.14119E+00  1.41754E-01
   17175.455      2.259   1.650  1.22343E+00  1.12979E+00  7.91143E-02
   17176.093      2.897   1.700  1.13863E+00  1.11839E+00  1.74346E-02
   17176.750      3.554   1.750  1.06189E+00  1.10722E+00 -3.96782E-02
   17177.426      4.231   1.800  9.98771E-01  1.09606E+00 -8.65866E-02
   17178.122      4.926   1.850  9.52078E-01  1.08570E+00 -1.20573E-01
   17178.836      5.640   1.900  9.22795E-01  1.07535E+00 -1.39585E-01
   17179.569      6.374   1.950  9.10636E-01  1.06604E+00 -1.43788E-01
   17180.322      7.126   2.000  9.11875E-01  1.05673E+00 -1.35548E-01
   17181.093      7.898   2.050  9.25912E-01  1.05097E+00 -1.17793E-01
   17181.884      8.688   2.100  9.43581E-01  1.04522E+00 -9.63609E-02
   17182.694      9.498   2.150  9.59525E-01  1.03946E+00 -7.62898E-02
   17183.522     10.327   2.200  9.69478E-01  1.03370E+00 -6.17060E-02
   17184.370     11.174   2.250  9.76984E-01  1.03491E+00 -5.59477E-02
   17185.237     12.041   2.300  9.75005E-01  1.03611E+00 -5.93382E-02
   17186.123     12.927   2.350  9.64734E-01  1.03732E+00 -7.08600E-02
   17187.027     13.832   2.400  9.48873E-01  1.03852E+00 -8.79923E-02
   17187.951     14.756   2.450  9.26327E-01  1.03556E+00 -1.07658E-01
   17188.894     15.699   2.500  9.06012E-01  1.03259E+00 -1.25280E-01
   17189.856     16.661   2.550  8.91495E-01  1.02962E+00 -1.37289E-01
   17190.837     17.642   2.600  8.85173E-01  1.02665E+00 -1.41220E-01
   17191.838     18.642   2.650  8.84188E-01  1.02085E+00 -1.36939E-01
   17192.857     19.661   2.700  8.90094E-01  1.01506E+00 -1.25693E-01
   17193.895     20.699   2.750  9.02282E-01  1.00926E+00 -1.08017E-01
   17194.952     21.757   2.800  9.19561E-01  1.00346E+00 -8.50446E-02
   17196.029     22.833   2.850  9.44005E-01  1.00114E+00 -5.79858E-02
   17197.124     23.928   2.900  9.71571E-01  9.98817E-01 -2.76871E-02
   17198.238     25.043   2.950  1.00044E+00  9.96496E-01  4.01493E-03
   17199.372     26.176   3.000  1.02867E+00  9.94174E-01  3.51412E-02
   17200.524     27.329   3.050  1.05664E+00  9.93273E-01  6.45074E-02
   17201.696     28.500   3.100  1.08091E+00  9.92372E-01  9.00623E-02
   17202.887     29.691   3.150  1.09999E+00  9.91471E-01  1.10310E-01
   17204.096     30.901   3.200  1.11285E+00  9.90570E-01  1.24215E-01
   17205.325     32.129   3.250  1.12183E+00  9.91387E-01  1.32299E-01
   17206.573     33.377   3.300  1.12384E+00  9.92203E-01  1.33288E-01
   17207.839     34.644   3.350  1.11928E+00  9.93020E-01  1.27648E-01
   17209.125     35.930   3.400  1.10909E+00  9.93837E-01  1.16335E-01
   17210.430     37.235   3.450  1.09469E+00  9.95037E-01  1.00376E-01
   17211.754     38.559   3.500  1.07716E+00  9.96237E-01  8.13372E-02
   17213.097     39.902   3.550  1.05820E+00  9.97437E-01  6.09459E-02
   17214.459     41.264   3.600  1.03943E+00  9.98637E-01  4.08270E-02
   17215.840     42.645   3.650  1.02241E+00  1.00032E+00  2.20650E-02
   17217.241     44.045   3.700  1.00810E+00  1.00201E+00  6.07808E-03
   17218.660     45.464   3.750  9.97096E-01  1.00369E+00 -6.56531E-03
   17220.098     46.902   3.800  9.89457E-01  1.00538E+00 -1.58157E-02
   17221.555     48.360   3.850  9.84633E-01  1.00667E+00 -2.18682E-02
   17223.032     49.836   3.900  9.81998E-01  1.00797E+00 -2.57357E-02
   17224.527     51.332   3.950  9.80527E-01  1.00927E+00 -2.84421E-02
   17226.042     52.846   4.000  9.79233E-01  1.01056E+00 -3.09665E-02
   17227.575     54.380   4.050  9.76720E-01  1.01136E+00 -3.42116E-02
   17229.128     55.932   4.100  9.73033E-01  1.01216E+00 -3.86103E-02
   17230.699     57.504   4.150  9.68282E-01  1.01296E+00 -4.40512E-02
   17232.290     59.094   4.200  9.63032E-01  1.01376E+00 -4.99753E-02
   17233.900     60.704   4.250  9.57182E-01  1.01396E+00 -5.59351E-02
   17235.529     62.333   4.300  9.52810E-01  1.01416E+00 -6.04372E-02
   17237.176     63.981   4.350  9.50962E-01  1.01437E+00 -6.24532E-02
   17238.843     65.648   4.400  9.52353E-01  1.01457E+00 -6.12784E-02
   17240.529     67.333   4.450  9.56617E-01  1.01421E+00 -5.67281E-02
   17242.234     69.038   4.500  9.64274E-01  1.01385E+00 -4.88347E-02
   17243.958     70.762   4.550  9.74552E-01  1.01349E+00 -3.83589E-02
   17245.701     72.506   4.600  9.86344E-01  1.01314E+00 -2.63916E-02
   17247.463     74.268   4.650  9.98312E-01  1.01250E+00 -1.39804E-02
   17249.244     76.049   4.700  1.00952E+00  1.01186E+00 -2.31038E-03
   17251.045     77.849   4.750  1.01912E+00  1.01123E+00  7.78823E-03
   17252.864     79.668   4.800  1.02673E+00  1.01059E+00  1.59204E-02
   17254.702     81.507   4.850  1.03234E+00  1.00980E+00  2.22297E-02
   17256.560     83.364   4.900  1.03635E+00  1.00901E+00  2.69731E-02
   17258.436     85.240   4.950  1.03936E+00  1.00822E+00  3.07237E-02
   17260.332     87.136   5.000  1.04193E+00  1.00744E+00  3.40392E-02
   17262.246     89.050   5.050  1.04478E+00  1.00687E+00  3.74056E-02
   17264.180     90.984   5.100  1.04756E+00  1.00631E+00  4.07129E-02
   17266.132     92.937   5.150  1.04998E+00  1.00574E+00  4.36559E-02
   17268.104     94.908   5.200  1.05144E+00  1.00518E+00  4.56604E-02
   17270.095     96.899   5.250  1.05141E+00  1.00473E+00  4.60498E-02
   17272.104     98.909   5.300  1.04904E+00  1.00428E+00  4.41388E-02
   17274.133    100.938   5.350  1.04399E+00  1.00384E+00  3.95823E-02
   17276.181    102.985   5.400  1.03629E+00  1.00339E+00  3.24186E-02
   17278.248    105.052   5.450  1.02675E+00  1.00338E+00  2.30156E-02
   17280.334    107.138   5.500  1.01585E+00  1.00337E+00  1.22858E-02
   17282.439    109.243   5.550  1.00467E+00  1.00335E+00  1.29467E-03
   17284.563    111.367   5.600  9.94315E-01  1.00334E+00 -8.87206E-03
   17286.706    113.511   5.650  9.85902E-01  1.00351E+00 -1.73018E-02
   17288.868    115.673   5.700  9.79898E-01  1.00368E+00 -2.33546E-02
   17291.050    117.854   5.750  9.76478E-01  1.00385E+00 -2.68650E-02
   17293.250    120.054   5.800  9.75415E-01  1.00402E+00 -2.80583E-02
   17295.469    122.273   5.850  9.76401E-01  1.00438E+00 -2.74286E-02
   17297.707    124.512   5.900  9.78469E-01  1.00474E+00 -2.57390E-02
   17299.965    126.769   5.950  9.80929E-01  1.00510E+00 -2.36686E-02
   17302.241    129.046   6.000  9.83264E-01  1.00546E+00 -2.17224E-02
   17304.537    131.341   6.050  9.84929E-01  1.00566E+00 -2.02868E-02
   17306.851    133.656   6.100  9.86059E-01  1.00587E+00 -1.93760E-02
   17309.185    135.989   6.150  9.86930E-01  1.00607E+00 -1.87180E-02
   17311.538    138.342   6.200  9.87960E-01  1.00627E+00 -1.79053E-02
   17313.909    140.714   6.250  9.89567E-01  1.00647E+00 -1.65294E-02
   17316.300    143.105   6.300  9.92050E-01  1.00668E+00 -1.42964E-02
   17318.710    145.514   6.350  9.95525E-01  1.00688E+00 -1.10958E-02
   17321.139    147.943   6.400  9.99902E-01  1.00708E+00 -7.01436E-03
   17323.587    150.391   6.450  1.00493E+00  1.00728E+00 -2.30089E-03
   17326.054    152.858   6.500  1.01025E+00  1.00749E+00  2.69966E-03
   17328.540    155.344   6.550  1.01500E+00  1.00719E+00  7.64210E-03
   17331.045    157.849   6.600  1.01954E+00  1.00688E+00  1.23789E-02
   17333.569    160.373   6.650  1.02358E+00  1.00658E+00  1.66361E-02
   17336.112    162.916   6.700  1.02688E+00  1.00628E+00  2.01696E-02
   17338.674    165.479   6.750  1.02921E+00  1.00598E+00  2.27589E-02
   17341.256    168.060   6.800  1.03037E+00  1.00568E+00  2.42023E-02
   17343.856    170.660   6.850  1.03018E+00  1.00538E+00  2.43255E-02
   17346.475    173.280   6.900  1.02853E+00  1.00508E+00  2.30113E-02
   17349.114    175.918   6.950  1.02540E+00  1.00478E+00  2.02451E-02
   17351.771    178.576   7.000  1.02093E+00  1.00448E+00  1.61644E-02
   17354.448    181.252   7.050  1.01528E+00  1.00376E+00  1.13262E-02
   17357.143    183.948   7.100  1.00891E+00  1.00305E+00  5.77530E-03
   17359.858    186.662   7.150  1.00241E+00  1.00233E+00  8.38574E-05
   17362.592    189.396   7.200  9.96465E-01  1.00161E+00 -5.07408E-03
   17365.344    192.149   7.250  9.91734E-01  1.00089E+00 -9.04040E-03
   17368.116    194.920   7.300  9.88726E-01  1.00017E+00 -1.13104E-02
   17370.907    197.711   7.350  9.87667E-01  9.99455E-01 -1.16570E-02
   17373.717    200.521   7.400  9.88423E-01  9.98737E-01 -1.02084E-02
   17376.546    203.350   7.450  9.90496E-01  9.98019E-01 -7.45250E-03
   17379.394    206.198   7.500  9.93105E-01  9.97300E-01 -4.15959E-03
   17382.261    209.065   7.550  9.95369E-01  9.96754E-01 -1.37434E-03
   17385.147    211.951   7.600  9.96544E-01  9.96208E-01  3.34091E-04
   17388.052    214.856   7.650  9.96044E-01  9.95662E-01  3.80154E-04
   17390.976    217.780   7.700  9.93633E-01  9.95116E-01 -1.47401E-03
   17393.919    220.723   7.750  9.89502E-01  9.94569E-01 -5.04325E-03
   17396.881    223.686   7.800  9.84251E-01  9.94023E-01 -9.73238E-03
   17399.863    226.667   7.850  9.78789E-01  9.93477E-01 -1.46389E-02
   17402.863    229.667   7.900  9.74156E-01  9.92931E-01 -1.87261E-02
   17405.882    232.687   7.950  9.71316E-01  9.92385E-01 -2.10297E-02
   17408.921    235.725   8.000  9.70960E-01  9.91838E-01 -2.08556E-02
   17411.978    238.783   8.050  9.73511E-01  9.91425E-01 -1.79068E-02
   17415.055    241.859   8.100  9.78561E-01  9.91012E-01 -1.24537E-02
   17418.151    244.955   8.150  9.85495E-01  9.90599E-01 -5.10835E-03
   17421.265    248.070   8.200  9.93385E-01  9.90186E-01  3.20373E-03
   17424.399    251.203   8.250  1.00115E+00  9.89773E-01  1.14061E-02
   17427.552    254.356   8.300  1.00776E+00  9.89360E-01  1.84558E-02
   17430.724    257.528   8.350  1.01238E+00  9.88947E-01  2.35114E-02
   17433.914    260.719   8.400  1.01448E+00  9.88534E-01  2.60523E-02
   17437.124    263.929   8.450  1.01393E+00  9.88121E-01  2.59313E-02
   17440.353    267.158   8.500  1.01094E+00  9.87708E-01  2.33569E-02
   17443.601    270.406   8.550  1.00601E+00  9.87266E-01  1.88610E-02
   17446.868    273.673   8.600  9.99799E-01  9.86824E-01  1.30646E-02
   17450.154    276.959   8.650  9.93007E-01  9.86383E-01  6.67530E-03
   17453.460    280.264   8.700  9.86317E-01  9.85941E-01  3.79472E-04
   17456.784    283.588   8.750  9.80323E-01  9.85499E-01 -5.22384E-03
   17460.127    286.931   8.800  9.75490E-01  9.85057E-01 -9.66310E-03
   17463.489    290.294   8.850  9.72136E-01  9.84616E-01 -1.26132E-02
   17466.871    293.675   8.900  9.70430E-01  9.84174E-01 -1.39015E-02
   17470.271    297.076   8.950  9.70387E-01  9.83732E-01 -1.35083E-02
   17473.691    300.495   9.000  9.71871E-01  9.83290E-01 -1.15681E-02
   17477.129    303.934   9.050  9.74405E-01  9.82688E-01 -8.39808E-03
   17480.587    307.391   9.100  9.77738E-01  9.82086E-01 -4.41222E-03
   17484.063    310.868   9.150  9.81308E-01  9.81484E-01 -1.78376E-04
   17487.559    314.363   9.200  9.84481E-01  9.80881E-01  3.65844E-03
   17491.074    317.878   9.250  9.86628E-01  9.80279E-01  6.45919E-03
   17494.607    321.412   9.300  9.87233E-01  9.79677E-01  7.69392E-03
   17498.160    324.965   9.350  9.85989E-01  9.79075E-01  7.04653E-03
   17501.732    328.536   9.400  9.82883E-01  9.78472E-01  4.49808E-03
   17505.323    332.127   9.450  9.78228E-01  9.77870E-01  3.65653E-04
   17508.933    335.737   9.500  9.72649E-01  9.77268E-01 -4.71884E-03
   17512.562    339.366   9.550  9.66920E-01  9.76621E-01 -9.91809E-03
   17516.210    343.014   9.600  9.62054E-01  9.75975E-01 -1.42418E-02
   17519.877    346.682   9.650  9.58911E-01  9.75328E-01 -1.68068E-02
   17523.563    350.368   9.700  9.58106E-01  9.74681E-01 -1.69807E-02
   17527.269    354.073   9.750  9.59877E-01  9.74034E-01 -1.45138E-02
   17530.993    357.797   9.800  9.64026E-01  9.73388E-01 -9.60394E-03
   17534.736    361.540   9.850  9.69938E-01  9.72741E-01 -2.87742E-03
   17538.498    365.303   9.900  9.76682E-01  9.72094E-01  4.71249E-03
   17542.280    369.084   9.950  9.83169E-01  9.71448E-01  1.20496E-02
   17546.080    372.885  10.000  9.88347E-01  9.70801E-01  1.80492E-02
   17549.900    376.704  10.050  9.91611E-01  9.70298E-01  2.19334E-02
   17553.738    380.543  10.100  9.92202E-01  9.69796E-01  2.30701E-02
   17557.596    384.400  10.150  9.90033E-01  9.69293E-01  2.13637E-02
   17561.473    388.277  10.200  9.85439E-01  9.68791E-01  1.71566E-02
   17565.368    392.173  10.250  9.79101E-01  9.68288E-01  1.11483E-02
   17569.283    396.088  10.300  9.71912E-01  9.67785E-01  4.25670E-03
   17573.217    400.021  10.350  9.64816E-01  9.67283E-01 -2.54542E-03
   17577.170    403.974  10.400  9.58657E-01  9.66780E-01 -8.38668E-03
   17581.142    407.946  10.450  9.54061E-01  9.66278E-01 -1.26183E-02
   17585.133    411.937  10.500  9.51372E-01  9.65775E-01 -1.48828E-02
   17589.143    415.947  10.550  9.50640E-01  9.65273E-01 -1.51266E-02
   17593.172    419.976  10.600  9.51656E-01  9.64770E-01 -1.35635E-02
   17597.220    424.024  10.650  9.54017E-01  9.64267E-01 -1.06063E-02
   17601.287    428.091  10.700  9.57211E-01  9.63765E-01 -6.78439E-03
   17605.373    432.178  10.750  9.60690E-01  9.63262E-01 -2.66423E-03
   17609.478    436.283  10.800  9.63933E-01  9.62760E-01  1.21587E-03
   17613.603    440.407  10.850  9.66496E-01  9.62257E-01  4.39402E-03
   17617.746    444.551  10.900  9.68039E-01  9.61754E-01  6.51720E-03
   17621.909    448.713  10.950  9.68349E-01  9.61252E-01  7.36326E-03
   17626.090    452.894  11.000  9.67355E-01  9.60749E-01  6.85689E-03
   17630.291    457.095  11.050  9.64994E-01  9.60093E-01  5.09082E-03
   17634.510    461.314  11.100  9.61616E-01  9.59437E-01  2.26480E-03
   17638.749    465.553  11.150  9.57604E-01  9.58781E-01 -1.22362E-03
   17643.006    469.811  11.200  9.53465E-01  9.58125E-01 -4.84995E-03
   17647.283    474.087  11.250  9.49767E-01  9.57468E-01 -8.02172E-03
   17651.579    478.383  11.300  9.47063E-01  9.56812E-01 -1.01610E-02
   17655.894    482.698  11.350  9.45800E-01  9.56156E-01 -1.08008E-02
   17660.227    487.032  11.400  9.46228E-01  9.55500E-01 -9.67712E-03
   17664.580    491.385  11.450  9.48334E-01  9.54844E-01 -6.79899E-03
   17668.952    495.757  11.500  9.51820E-01  9.54188E-01 -2.47450E-03
   17673.343    500.148  11.550  9.56129E-01  9.53532E-01  2.71653E-03
   17677.753    504.558  11.600  9.60525E-01  9.52876E-01  8.00538E-03
   17682.183    508.987  11.650  9.64214E-01  9.52219E-01  1.25607E-02
   17686.631    513.435  11.700  9.66484E-01  9.51563E-01  1.56356E-02
   17691.098    517.902  11.750  9.66838E-01  9.50907E-01  1.67056E-02
   17695.584    522.388  11.800  9.65088E-01  9.50251E-01  1.55698E-02
   17700.089    526.894  11.850  9.61394E-01  9.49595E-01  1.23902E-02
   17704.614    531.418  11.900  9.56231E-01  9.48939E-01  7.66304E-03
   17709.157    535.962  11.950  9.50303E-01  9.48283E-01  2.12424E-03
   17713.720    540.524  12.000  9.44406E-01  9.47626E-01 -3.38834E-03
   17718.301    545.106  12.050  9.39260E-01  9.46958E-01 -8.10543E-03
   17722.902    549.706  12.100  9.35435E-01  9.46291E-01 -1.14372E-02
   17727.521    554.326  12.150  9.33243E-01  9.45623E-01 -1.30509E-02
   17732.160    558.964  12.200  9.32709E-01  9.44955E-01 -1.29176E-02
   17736.818    563.622  12.250  9.33597E-01  9.44287E-01 -1.12828E-02
   17741.494    568.299  12.300  9.35489E-01  9.43619E-01 -8.58618E-03
   17746.190    572.995  12.350  9.37884E-01  9.42951E-01 -5.35429E-03
   17750.905    577.709  12.400  9.40305E-01  9.42283E-01 -2.09200E-03
   17755.639    582.443  12.450  9.42372E-01  9.41615E-01  8.01316E-04
   17760.392    587.196  12.500  9.43852E-01  9.40947E-01  3.07557E-03
   17765.164    591.968  12.550  9.44649E-01  9.40279E-01  4.62973E-03
   17769.955    596.759  12.600  9.44777E-01  9.39611E-01  5.47627E-03
   17774.765    601.569  12.650  9.44305E-01  9.38943E-01  5.68772E-03
   17779.594    606.399  12.700  9.43312E-01  9.38275E-01  5.34632E-03
   17784.442    611.247  12.750  9.41858E-01  9.37607E-01  4.51393E-03
   17789.310    616.114  12.800  9.39980E-01  9.36940E-01  3.23149E-03
   17794.196    621.000  12.850  9.37725E-01  9.36272E-01  1.54549E-03
   17799.101    625.906  12.900  9.35180E-01  9.35604E-01 -4.50940E-04
   17804.026    630.830  12.950  9.32512E-01  9.34936E-01 -2.58105E-03
   17808.969    635.774  13.000  9.29978E-01  9.34268E-01 -4.57061E-03
   17813.932    640.736  13.050  9.27865E-01  9.33539E-01 -6.04952E-03
   17818.913    645.718  13.100  9.26535E-01  9.32810E-01 -6.69546E-03
   17823.914    650.718  13.150  9.26262E-01  9.32081E-01 -6.21395E-03
   17828.934    655.738  13.200  9.27175E-01  9.31351E-01 -4.46374E-03
   17833.972    660.777  13.250  9.29194E-01  9.30622E-01 -1.52827E-03
   17839.030    665.834  13.300  9.32000E-01  9.29893E-01  2.25479E-03
   17844.107    670.911  13.350  9.35064E-01  9.29164E-01  6.32080E-03
   17849.203    676.007  13.400  9.37728E-01  9.28435E-01  9.96359E-03
   17854.318    681.122  13.450  9.39323E-01  9.27706E-01  1.24654E-02
   17859.452    686.256  13.500  9.39311E-01  9.26977E-01  1.32447E-02
   17864.605    691.409  13.550  9.37403E-01  9.26248E-01  1.19887E-02
   17869.777    696.581  13.600  9.33643E-01  9.25519E-01  8.73843E-03
   17874.968    701.772  13.650  9.28417E-01  9.24790E-01  3.90446E-03
   17880.178    706.982  13.700  9.22395E-01  9.24061E-01 -1.79484E-03
   17885.407    712.211  13.750  9.16412E-01  9.23332E-01 -7.46087E-03
   17890.655    717.460  13.800  9.11312E-01  9.22602E-01 -1.21825E-02
   17895.923    722.727  13.850  9.07790E-01  9.21873E-01 -1.52081E-02
   17901.209    728.013  13.900  9.06262E-01  9.21144E-01 -1.60838E-02
   17906.514    733.319  13.950  9.06796E-01  9.20415E-01 -1.47313E-02
   17911.839    738.643  14.000  9.09112E-01  9.19686E-01 -1.14466E-02
   17917.182    743.987  14.050  9.12589E-01  9.18908E-01 -6.84670E-03
   17922.545    749.349  14.100  9.16575E-01  9.18130E-01 -1.68675E-03
   17927.926    754.731  14.150  9.20349E-01  9.17352E-01  3.25235E-03
   17933.327    760.131  14.200  9.23303E-01  9.16574E-01  7.30832E-03
   17938.747    765.551  14.250  9.25029E-01  9.15796E-01  1.00368E-02
   17944.186    770.990  14.300  9.25362E-01  9.15018E-01  1.12545E-02
   17949.643    776.448  14.350  9.24364E-01  9.14240E-01  1.10242E-02
   17955.120    781.925  14.400  9.22265E-01  9.13462E-01  9.59388E-03
   17960.616    787.421  14.450  9.19387E-01  9.12684E-01  7.31209E-03
   17966.131    792.935  14.500  9.16069E-01  9.11906E-01  4.54473E-03
   17971.665    798.469  14.550  9.12606E-01  9.11128E-01  1.61468E-03
   17977.218    804.023  14.600  9.09231E-01  9.10350E-01 -1.22451E-03
   17982.790    809.595  14.650  9.06118E-01  9.09572E-01 -3.78142E-03
   17988.381    815.186  14.700  9.03410E-01  9.08794E-01 -5.89832E-03
   17993.992    820.796  14.750  9.01250E-01  9.08016E-01 -7.41969E-03
   17999.621    826.425  14.800  8.99788E-01  9.07238E-01 -8.17657E-03
   18005.269    832.074  14.850  8.99178E-01  9.06460E-01 -7.99916E-03
   18010.937    837.741  14.900  8.99534E-01  9.05682E-01 -6.75902E-03
   18016.623    843.427  14.950  9.00878E-01  9.04904E-01 -4.43052E-03
   18022.328    849.133  15.000  9.03081E-01  9.04126E-01 -1.15156E-03
   18028.053    854.857  15.050  9.05762E-01  9.03293E-01  2.72219E-03
   18033.796    860.601  15.100  9.08509E-01  9.02459E-01  6.67498E-03
   18039.559    866.363  15.150  9.10730E-01  9.01625E-01  1.00548E-02
   18045.341    872.145  15.200  9.11821E-01  9.00791E-01  1.21921E-02
   18051.141    877.946  15.250  9.11288E-01  8.99957E-01  1.25370E-02
   18056.961    883.765  15.300  9.08870E-01  8.99124E-01  1.07943E-02
   18062.800    889.604  15.350  9.04625E-01  8.98290E-01  7.02242E-03
   18068.658    895.462  15.400  8.98959E-01  8.97456E-01  1.66750E-03
   18074.535    901.339  15.450  8.92586E-01  8.96622E-01 -4.48275E-03
   18080.431    907.235  15.500  8.86413E-01  8.95789E-01 -1.04230E-02
   18086.346    913.150  15.550  8.81375E-01  8.94955E-01 -1.51106E-02
   18092.280    919.084  15.600  8.78260E-01  8.94121E-01 -1.76666E-02
   18098.233    925.037  15.650  8.77541E-01  8.93287E-01 -1.75547E-02
   18104.205    931.009  15.700  8.79283E-01  8.92454E-01 -1.46974E-02
   18110.196    937.000  15.750  8.83111E-01  8.91620E-01 -9.50431E-03
   18116.206    943.011  15.800  8.88279E-01  8.90786E-01 -2.80246E-03
   18122.236    949.040  15.850  8.93809E-01  8.89952E-01  4.31620E-03
   18128.284    955.088  15.900  8.98670E-01  8.89118E-01  1.06992E-02
   18134.351    961.156  15.950  9.01971E-01  8.88285E-01  1.53462E-02
   18140.438    967.242  16.000  9.03120E-01  8.87451E-01  1.75865E-02
   18146.543    973.348  16.050  9.01901E-01  8.86595E-01  1.71965E-02
   18152.668    979.472  16.100  8.98530E-01  8.85739E-01  1.43853E-02
   18158.812    985.616  16.150  8.93542E-01  8.84883E-01  9.74785E-03
   18164.974    991.779  16.200  8.87685E-01  8.84027E-01  4.12266E-03
   18171.156    997.960  16.250  8.81772E-01  8.83171E-01 -1.57789E-03
   18177.357   1004.161  16.300  8.76530E-01  8.82315E-01 -6.53166E-03
   18183.576   1010.381  16.350  8.72493E-01  8.81458E-01 -1.01330E-02
   18189.815   1016.620  16.400  8.69943E-01  8.80602E-01 -1.20602E-02
   18196.073   1022.878  16.450  8.68905E-01  8.79746E-01 -1.22783E-02
   18202.350   1029.154  16.500  8.69197E-01  8.78890E-01 -1.09891E-02
   18208.646   1035.450  16.550  8.70502E-01  8.78034E-01 -8.54802E-03
   18214.961   1041.766  16.600  8.72447E-01  8.77178E-01 -5.37509E-03
   18221.295   1048.100  16.650  8.74667E-01  8.76322E-01 -1.88178E-03
   18227.648   1054.453  16.700  8.76847E-01  8.75466E-01  1.57233E-03
   18234.021   1060.825  16.750  8.78727E-01  8.74610E-01  4.69122E-03
   18240.412   1067.216  16.800  8.80094E-01  8.73754E-01  7.23135E-03
   18246.822   1073.627  16.850  8.80766E-01  8.72898E-01  8.98349E-03
   18253.252   1080.056  16.900  8.80584E-01  8.72042E-01  9.76385E-03
   18259.700   1086.504  16.950  8.79424E-01  8.71186E-01  9.42565E-03
   18266.167   1092.972  17.000  8.77221E-01  8.70330E-01  7.89292E-03
   18272.654   1099.458  17.050  8.73983E-01  8.69438E-01  5.21127E-03
   18279.159   1105.964  17.100  8.69929E-01  8.68547E-01  1.58645E-03
   18285.684   1112.488  17.150  8.65394E-01  8.67655E-01 -2.59835E-03
   18292.228   1119.032  17.200  8.60856E-01  8.66764E-01 -6.79653E-03
   18298.790   1125.595  17.250  8.56875E-01  8.65873E-01 -1.03628E-02
   18305.372   1132.176  17.300  8.54003E-01  8.64981E-01 -1.26580E-02
   18311.973   1138.777  17.350  8.52675E-01  8.64090E-01 -1.31757E-02
   18318.593   1145.397  17.400  8.53107E-01  8.63199E-01 -1.16614E-02
   18325.232   1152.036  17.450  8.55224E-01  8.62307E-01 -8.19468E-03
   18331.890   1158.694  17.500  8.58644E-01  8.61416E-01 -3.21025E-03
   18338.567   1165.371  17.550  8.62728E-01  8.60524E-01  2.55456E-03
   18345.263   1172.067  17.600  8.66679E-01  8.59633E-01  8.17941E-03
   18351.978   1178.782  17.650  8.69693E-01  8.58742E-01  1.27265E-02
   18358.712   1185.516  17.700  8.71102E-01  8.57850E-01  1.54178E-02
   18365.465   1192.269  17.750  8.70512E-01  8.56959E-01  1.57861E-02
   18372.237   1199.042  17.800  8.67873E-01  8.56068E-01  1.37664E-02
   18379.029   1205.833  17.850  8.63492E-01  8.55176E-01  9.70761E-03
   18385.839   1212.643  17.900  8.57965E-01  8.54285E-01  4.30164E-03
   18392.668   1219.473  17.950  8.52066E-01  8.53393E-01 -1.55326E-03
   18399.517   1226.321  18.000  8.46590E-01  8.52502E-01 -6.92534E-03
   18406.384   1233.189  18.050  8.42158E-01  8.51561E-01 -1.10273E-02
   18413.271   1240.075  18.100  8.39269E-01  8.50620E-01 -1.33265E-02
   18420.176   1246.981  18.150  8.38079E-01  8.49679E-01 -1.36345E-02
   18427.101   1253.905  18.200  8.38454E-01  8.48738E-01 -1.21019E-02
   18434.045   1260.849  18.250  8.40028E-01  8.47796E-01 -9.15221E-03
   18441.008   1267.812  18.300  8.42303E-01  8.46855E-01 -5.36944E-03
   18447.989   1274.794  18.350  8.44754E-01  8.45914E-01 -1.37024E-03
   18454.990   1281.795  18.400  8.46926E-01  8.44973E-01  2.30897E-03
   18462.010   1288.814  18.450  8.48498E-01  8.44032E-01  5.28666E-03
   18469.049   1295.853  18.500  8.49303E-01  8.43091E-01  7.36136E-03
   18476.107   1302.911  18.550  8.49306E-01  8.42150E-01  8.49045E-03
   18483.184   1309.988  18.600  8.48565E-01  8.41209E-01  8.73800E-03
   18490.280   1317.084  18.650  8.47175E-01  8.40267E-01  8.21373E-03
   18497.395   1324.200  18.700  8.45227E-01  8.39326E-01  7.02505E-03
   18504.529   1331.334  18.750  8.42796E-01  8.38385E-01  5.25735E-03
   18511.683   1338.487  18.800  8.39947E-01  8.37444E-01  2.98631E-03
   18518.855   1345.659  18.850  8.36766E-01  8.36503E-01  3.14196E-04
   18526.046   1352.851  18.900  8.33399E-01  8.35562E-01 -2.58748E-03
   18533.257   1360.061  18.950  8.30070E-01  8.34621E-01 -5.44968E-03
   18540.486   1367.291  19.000  8.27082E-01  8.33680E-01 -7.90961E-03
   18547.735   1374.539  19.050  8.24809E-01  8.32759E-01 -9.54227E-03
   18555.002   1381.807  19.100  8.23535E-01  8.31838E-01 -9.97872E-03
   18562.289   1389.093  19.150  8.23466E-01  8.30918E-01 -8.96614E-03
   18569.594   1396.399  19.200  8.24631E-01  8.29997E-01 -6.46445E-03
   18576.919   1403.724  19.250  8.26838E-01  8.29077E-01 -2.70000E-03
   18584.263   1411.067  19.300  8.29675E-01  8.28156E-01  1.83437E-03
   18591.626   1418.430  19.350  8.32563E-01  8.27235E-01  6.44076E-03
   18599.008   1425.812  19.400  8.34851E-01  8.26315E-01  1.03320E-02
   18606.408   1433.213  19.450  8.35940E-01  8.25394E-01  1.27800E-02
   18613.828   1440.633  19.500  8.35407E-01  8.24474E-01  1.32655E-02
   18621.267   1448.072  19.550  8.33097E-01  8.23553E-01  1.15943E-02
   18628.725   1455.530  19.600  8.29172E-01  8.22632E-01  7.95407E-03
   18636.203   1463.007  19.650  8.24088E-01  8.21712E-01  2.89382E-03
   18643.699   1470.503  19.700  8.18519E-01  8.20791E-01 -2.76972E-03
   18651.214   1478.018  19.750  8.13233E-01  8.19871E-01 -8.10177E-03
   18658.748   1485.552  19.800  8.08948E-01  8.18950E-01 -1.22233E-02
   18666.301   1493.106  19.850  8.06202E-01  8.18029E-01 -1.44725E-02
   18673.874   1500.678  19.900  8.05256E-01  8.17109E-01 -1.45208E-02
   18681.465   1508.270  19.950  8.06062E-01  8.16188E-01 -1.24208E-02
   18689.076   1515.880  20.000  8.08283E-01  8.15268E-01 -8.57819E-03
