 name:     NiO                                                    Feff 8.50L
 formula:  NiO
 sites:    Ni1,O1
 refer1:   wyckoff 1,III,88
 refer2:
 schoen:
 notes1:   salt, halite
 POT  Non-SCF, core-hole, AFOLP (folp(0)= 1.150)
 Abs   Z=28 Rmt= 1.315 Rnm= 1.375 K  shell
 Pot 1 Z=28 Rmt= 1.320 Rnm= 1.381
 Pot 2 Z= 8 Rmt= 1.014 Rnm= 1.061
 Gam_ch=1.576E+00 H-L exch
 Mu=-3.100E+00 kf=2.249E+00 Vint=-2.236E+01 Rs_int= 1.613
 PATH  Rmax= 5.900,  Keep_limit= 0.00, Heap_limit 0.00  Pwcrit= 2.50%
 Path   23      icalc       2
 -----------------------------------------------------------------------
   4  48.000   5.0317    2.3477   -3.09981 nleg, deg, reff, rnrmav(bohr), edge
        x         y         z   pot at#
    -0.0000   -0.0000   -0.0000  0  28 Ni       absorbing atom
    -0.0000   -0.0000   -2.0842  2   8 O     
    -0.0000   -0.0000   -0.0000  0  28 Ni    
    -0.0000   -2.0842    2.0842  1  28 Ni    
    k   real[2*phc]   mag[feff]  phase[feff] red factor   lambda     real[p]@#
  0.000  3.1804E+00  5.8022E-07 -5.2082E+00  1.006E+00  2.1749E+01  2.2490E+00
  0.100  3.1802E+00  2.6776E-03 -6.1950E+00  1.006E+00  2.1769E+01  2.2511E+00
  0.200  3.1794E+00  5.3408E-03 -7.1437E+00  1.006E+00  2.1829E+01  2.2575E+00
  0.300  3.1781E+00  7.9753E-03 -8.0542E+00  1.006E+00  2.1923E+01  2.2681E+00
  0.400  3.1763E+00  1.0565E-02 -8.9270E+00  1.006E+00  2.2043E+01  2.2828E+00
  0.500  3.1738E+00  1.3095E-02 -9.7627E+00  1.006E+00  2.2179E+01  2.3016E+00
  0.600  3.1707E+00  1.5550E-02 -1.0562E+01  1.007E+00  2.2316E+01  2.3243E+00
  0.700  3.1668E+00  1.7911E-02 -1.1325E+01  1.007E+00  2.2438E+01  2.3510E+00
  0.800  3.1621E+00  2.0162E-02 -1.2054E+01  1.007E+00  2.2529E+01  2.3814E+00
  0.900  3.1564E+00  2.2284E-02 -1.2748E+01  1.008E+00  2.2571E+01  2.4155E+00
  1.000  3.1497E+00  2.4257E-02 -1.3408E+01  1.009E+00  2.2548E+01  2.4532E+00
  1.100  3.1418E+00  2.6061E-02 -1.4036E+01  1.010E+00  2.2447E+01  2.4943E+00
  1.200  3.1325E+00  2.7674E-02 -1.4631E+01  1.011E+00  2.2256E+01  2.5387E+00
  1.300  3.1218E+00  2.9075E-02 -1.5194E+01  1.012E+00  2.1972E+01  2.5863E+00
  1.400  3.1094E+00  3.0235E-02 -1.5725E+01  1.013E+00  2.1595E+01  2.6371E+00
  1.500  3.0952E+00  3.1133E-02 -1.6225E+01  1.015E+00  2.1133E+01  2.6909E+00
  1.600  3.0789E+00  3.1742E-02 -1.6692E+01  1.017E+00  2.0596E+01  2.7477E+00
  1.700  3.0603E+00  3.2035E-02 -1.7127E+01  1.020E+00  2.0002E+01  2.8076E+00
  1.800  3.0392E+00  3.1993E-02 -1.7529E+01  1.023E+00  1.9369E+01  2.8703E+00
  1.900  3.0151E+00  3.1599E-02 -1.7895E+01  1.027E+00  1.8718E+01  2.9360E+00
  2.000  2.9879E+00  3.0845E-02 -1.8224E+01  1.031E+00  1.8070E+01  3.0046E+00
  2.200  2.9223E+00  2.8326E-02 -1.8757E+01  1.039E+00  1.6863E+01  3.1507E+00
  2.400  2.8453E+00  2.4056E-02 -1.9050E+01  1.049E+00  1.5900E+01  3.3093E+00
  2.600  2.7102E+00  1.7557E-02 -1.9329E+01  1.027E+00  1.5306E+01  3.4925E+00
  2.800  2.5883E+00  2.1710E-02 -1.9494E+01  1.153E+00  8.4010E+00  3.6662E+00
  3.000  2.5613E+00  2.2892E-02 -1.9750E+01  1.205E+00  6.9344E+00  3.8013E+00
  3.200  2.5322E+00  2.5426E-02 -1.9994E+01  1.229E+00  6.2807E+00  3.9372E+00
  3.400  2.4809E+00  2.8986E-02 -2.0262E+01  1.240E+00  5.9562E+00  4.0822E+00
  3.600  2.4199E+00  3.1945E-02 -2.0553E+01  1.239E+00  5.8057E+00  4.2326E+00
  3.800  2.3503E+00  3.3379E-02 -2.0847E+01  1.232E+00  5.7590E+00  4.3879E+00
  4.000  2.2748E+00  3.3175E-02 -2.1125E+01  1.224E+00  5.7808E+00  4.5475E+00
  4.200  2.1956E+00  3.1168E-02 -2.1380E+01  1.209E+00  5.8515E+00  4.7110E+00
  4.400  2.1126E+00  2.8200E-02 -2.1598E+01  1.195E+00  5.9590E+00  4.8780E+00
  4.600  2.0279E+00  2.4824E-02 -2.1771E+01  1.181E+00  6.0956E+00  5.0482E+00
  4.800  1.9428E+00  2.1345E-02 -2.1893E+01  1.167E+00  6.2559E+00  5.2211E+00
  5.000  1.8571E+00  1.8589E-02 -2.1954E+01  1.153E+00  6.4360E+00  5.3966E+00
  5.200  1.7717E+00  1.6832E-02 -2.1966E+01  1.139E+00  6.6333E+00  5.5742E+00
  5.400  1.6865E+00  1.5988E-02 -2.1954E+01  1.127E+00  6.8457E+00  5.7538E+00
  5.600  1.6014E+00  1.6042E-02 -2.1952E+01  1.114E+00  7.0714E+00  5.9352E+00
  5.800  1.5167E+00  1.6592E-02 -2.1983E+01  1.101E+00  7.3091E+00  6.1181E+00
  6.000  1.4319E+00  1.7274E-02 -2.2043E+01  1.091E+00  7.5579E+00  6.3025E+00
  6.500  1.2207E+00  1.8507E-02 -2.2303E+01  1.065E+00  8.2231E+00  6.7686E+00
  7.000  1.0116E+00  1.8415E-02 -2.2647E+01  1.045E+00  8.9424E+00  7.2408E+00
  7.500  8.0799E-01  1.7285E-02 -2.3030E+01  1.029E+00  9.7093E+00  7.7176E+00
  8.000  6.1228E-01  1.5519E-02 -2.3424E+01  1.017E+00  1.0519E+01  8.1982E+00
  8.500  4.2804E-01  1.3517E-02 -2.3802E+01  1.005E+00  1.1369E+01  8.6816E+00
  9.000  2.5187E-01  1.1318E-02 -2.4167E+01  9.937E-01  1.2255E+01  9.1675E+00
  9.500  8.0797E-02  9.2624E-03 -2.4521E+01  9.821E-01  1.3176E+01  9.6552E+00
 10.000 -8.6860E-02  7.5534E-03 -2.4869E+01  9.710E-01  1.4131E+01  1.0144E+01
 11.000 -4.0904E-01  5.0133E-03 -2.5546E+01  9.553E-01  1.6134E+01  1.1127E+01
 12.000 -7.0714E-01  3.1610E-03 -2.6170E+01  9.450E-01  1.8255E+01  1.2113E+01
 13.000 -9.8368E-01  2.0102E-03 -2.6752E+01  9.391E-01  2.0487E+01  1.3101E+01
 14.000 -1.2396E+00  1.3822E-03 -2.7394E+01  9.360E-01  2.2824E+01  1.4092E+01
 15.000 -1.4773E+00  8.8682E-04 -2.8332E+01  9.342E-01  2.5262E+01  1.5084E+01
 16.000 -1.6985E+00  6.9685E-04 -2.9945E+01  9.338E-01  2.7796E+01  1.6077E+01
 17.000 -1.9048E+00  1.0785E-03 -3.1463E+01  9.340E-01  3.0423E+01  1.7072E+01
 18.000 -2.0977E+00  1.4630E-03 -3.2536E+01  9.345E-01  3.3139E+01  1.8067E+01
 19.000 -2.2784E+00  1.5987E-03 -3.3435E+01  9.354E-01  3.5942E+01  1.9062E+01
 20.000 -2.4479E+00  1.6095E-03 -3.4245E+01  9.363E-01  3.8828E+01  2.0059E+01
