 name:     NiO                                                    Feff 8.50L
 formula:  NiO
 sites:    Ni1,O1
 refer1:   wyckoff 1,III,88
 refer2:
 schoen:
 notes1:   salt, halite
 POT  Non-SCF, core-hole, AFOLP (folp(0)= 1.150)
 Abs   Z=28 Rmt= 1.315 Rnm= 1.375 K  shell
 Pot 1 Z=28 Rmt= 1.320 Rnm= 1.381
 Pot 2 Z= 8 Rmt= 1.014 Rnm= 1.061
 Gam_ch=1.576E+00 H-L exch
 Mu=-3.100E+00 kf=2.249E+00 Vint=-2.236E+01 Rs_int= 1.613
 PATH  Rmax= 5.900,  Keep_limit= 0.00, Heap_limit 0.00  Pwcrit= 2.50%
 Path   50      icalc       2
 -----------------------------------------------------------------------
   4  48.000   5.6941    2.3477   -3.09981 nleg, deg, reff, rnrmav(bohr), edge
        x         y         z   pot at#
    -0.0000   -0.0000   -0.0000  0  28 Ni       absorbing atom
     2.0842   -2.0842    2.0842  2   8 O     
    -0.0000   -0.0000   -0.0000  0  28 Ni    
    -0.0000   -2.0842   -0.0000  2   8 O     
    k   real[2*phc]   mag[feff]  phase[feff] red factor   lambda     real[p]@#
  0.000  3.1804E+00  7.0427E-07 -3.0825E+00  1.006E+00  2.1749E+01  2.2490E+00
  0.100  3.1802E+00  3.2528E-03 -4.1993E+00  1.006E+00  2.1769E+01  2.2511E+00
  0.200  3.1794E+00  6.5033E-03 -5.2731E+00  1.006E+00  2.1829E+01  2.2575E+00
  0.300  3.1781E+00  9.7501E-03 -6.3036E+00  1.006E+00  2.1923E+01  2.2681E+00
  0.400  3.1763E+00  1.2987E-02 -7.2920E+00  1.006E+00  2.2043E+01  2.2828E+00
  0.500  3.1738E+00  1.6210E-02 -8.2387E+00  1.006E+00  2.2179E+01  2.3016E+00
  0.600  3.1707E+00  1.9414E-02 -9.1448E+00  1.007E+00  2.2316E+01  2.3243E+00
  0.700  3.1668E+00  2.2590E-02 -1.0011E+01  1.007E+00  2.2438E+01  2.3510E+00
  0.800  3.1621E+00  2.5733E-02 -1.0839E+01  1.007E+00  2.2529E+01  2.3814E+00
  0.900  3.1564E+00  2.8836E-02 -1.1629E+01  1.008E+00  2.2571E+01  2.4155E+00
  1.000  3.1497E+00  3.1894E-02 -1.2383E+01  1.009E+00  2.2548E+01  2.4532E+00
  1.100  3.1418E+00  3.4902E-02 -1.3102E+01  1.010E+00  2.2447E+01  2.4943E+00
  1.200  3.1325E+00  3.7856E-02 -1.3787E+01  1.011E+00  2.2256E+01  2.5387E+00
  1.300  3.1218E+00  4.0757E-02 -1.4438E+01  1.012E+00  2.1972E+01  2.5863E+00
  1.400  3.1094E+00  4.3603E-02 -1.5057E+01  1.013E+00  2.1595E+01  2.6371E+00
  1.500  3.0952E+00  4.6395E-02 -1.5645E+01  1.015E+00  2.1133E+01  2.6909E+00
  1.600  3.0789E+00  4.9132E-02 -1.6202E+01  1.017E+00  2.0596E+01  2.7477E+00
  1.700  3.0603E+00  5.1814E-02 -1.6729E+01  1.020E+00  2.0002E+01  2.8076E+00
  1.800  3.0392E+00  5.4433E-02 -1.7226E+01  1.023E+00  1.9369E+01  2.8703E+00
  1.900  3.0151E+00  5.6981E-02 -1.7693E+01  1.027E+00  1.8718E+01  2.9360E+00
  2.000  2.9879E+00  5.9438E-02 -1.8131E+01  1.031E+00  1.8070E+01  3.0046E+00
  2.200  2.9223E+00  6.3952E-02 -1.8918E+01  1.039E+00  1.6863E+01  3.1507E+00
  2.400  2.8453E+00  6.8560E-02 -1.9580E+01  1.049E+00  1.5900E+01  3.3093E+00
  2.600  2.7102E+00  6.5561E-02 -2.0021E+01  1.027E+00  1.5306E+01  3.4925E+00
  2.800  2.5883E+00  8.3782E-02 -2.0606E+01  1.153E+00  8.4010E+00  3.6662E+00
  3.000  2.5613E+00  9.5033E-02 -2.1312E+01  1.205E+00  6.9344E+00  3.8013E+00
  3.200  2.5322E+00  9.9642E-02 -2.1987E+01  1.229E+00  6.2807E+00  3.9372E+00
  3.400  2.4809E+00  9.8201E-02 -2.2596E+01  1.240E+00  5.9562E+00  4.0822E+00
  3.600  2.4199E+00  9.2253E-02 -2.3158E+01  1.239E+00  5.8057E+00  4.2326E+00
  3.800  2.3503E+00  8.3242E-02 -2.3679E+01  1.232E+00  5.7590E+00  4.3879E+00
  4.000  2.2748E+00  7.2923E-02 -2.4166E+01  1.224E+00  5.7808E+00  4.5475E+00
  4.200  2.1956E+00  6.1713E-02 -2.4621E+01  1.209E+00  5.8515E+00  4.7110E+00
  4.400  2.1126E+00  5.1198E-02 -2.5051E+01  1.195E+00  5.9590E+00  4.8780E+00
  4.600  2.0279E+00  4.1749E-02 -2.5458E+01  1.181E+00  6.0956E+00  5.0482E+00
  4.800  1.9428E+00  3.3436E-02 -2.5845E+01  1.167E+00  6.2559E+00  5.2211E+00
  5.000  1.8571E+00  2.6541E-02 -2.6211E+01  1.153E+00  6.4360E+00  5.3966E+00
  5.200  1.7717E+00  2.0925E-02 -2.6557E+01  1.139E+00  6.6333E+00  5.5742E+00
  5.400  1.6865E+00  1.6385E-02 -2.6885E+01  1.127E+00  6.8457E+00  5.7538E+00
  5.600  1.6014E+00  1.2734E-02 -2.7195E+01  1.114E+00  7.0714E+00  5.9352E+00
  5.800  1.5167E+00  9.8293E-03 -2.7490E+01  1.101E+00  7.3091E+00  6.1181E+00
  6.000  1.4319E+00  7.5499E-03 -2.7772E+01  1.091E+00  7.5579E+00  6.3025E+00
  6.500  1.2207E+00  3.7471E-03 -2.8452E+01  1.065E+00  8.2231E+00  6.7686E+00
  7.000  1.0116E+00  1.7308E-03 -2.9154E+01  1.045E+00  8.9424E+00  7.2408E+00
  7.500  8.0799E-01  7.1962E-04 -3.0013E+01  1.029E+00  9.7093E+00  7.7176E+00
  8.000  6.1228E-01  3.2778E-04 -3.1349E+01  1.017E+00  1.0519E+01  8.1982E+00
  8.500  4.2804E-01  3.2997E-04 -3.2698E+01  1.005E+00  1.1369E+01  8.6816E+00
  9.000  2.5187E-01  3.7164E-04 -3.3460E+01  9.937E-01  1.2255E+01  9.1675E+00
  9.500  8.0797E-02  3.6677E-04 -3.4002E+01  9.821E-01  1.3176E+01  9.6552E+00
 10.000 -8.6860E-02  3.3731E-04 -3.4469E+01  9.710E-01  1.4131E+01  1.0144E+01
 11.000 -4.0904E-01  2.6603E-04 -3.5298E+01  9.553E-01  1.6134E+01  1.1127E+01
 12.000 -7.0714E-01  1.8899E-04 -3.6002E+01  9.450E-01  1.8255E+01  1.2113E+01
 13.000 -9.8368E-01  1.2668E-04 -3.6644E+01  9.391E-01  2.0487E+01  1.3101E+01
 14.000 -1.2396E+00  9.1782E-05 -3.7244E+01  9.360E-01  2.2824E+01  1.4092E+01
 15.000 -1.4773E+00  6.4155E-05 -3.7779E+01  9.342E-01  2.5262E+01  1.5084E+01
 16.000 -1.6985E+00  4.5262E-05 -3.8249E+01  9.338E-01  2.7796E+01  1.6077E+01
 17.000 -1.9048E+00  3.5619E-05 -3.8672E+01  9.340E-01  3.0423E+01  1.7072E+01
 18.000 -2.0977E+00  2.5938E-05 -3.9043E+01  9.345E-01  3.3139E+01  1.8067E+01
 19.000 -2.2784E+00  1.8113E-05 -3.9259E+01  9.354E-01  3.5942E+01  1.9062E+01
 20.000 -2.4479E+00  1.6399E-05 -3.9307E+01  9.363E-01  3.8828E+01  2.0059E+01
