 name:     NiO                                                    Feff 8.50L
 formula:  NiO
 sites:    Ni1,O1
 refer1:   wyckoff 1,III,88
 refer2:
 schoen:
 notes1:   salt, halite
 POT  Non-SCF, core-hole, AFOLP (folp(0)= 1.150)
 Abs   Z=28 Rmt= 1.315 Rnm= 1.375 K  shell
 Pot 1 Z=28 Rmt= 1.320 Rnm= 1.381
 Pot 2 Z= 8 Rmt= 1.014 Rnm= 1.061
 Gam_ch=1.576E+00 H-L exch
 Mu=-3.100E+00 kf=2.249E+00 Vint=-2.236E+01 Rs_int= 1.613
 PATH  Rmax= 5.900,  Keep_limit= 0.00, Heap_limit 0.00  Pwcrit= 2.50%
 Path   60      icalc       2
 -----------------------------------------------------------------------
   2  12.000   5.8950    2.3477   -3.09981 nleg, deg, reff, rnrmav(bohr), edge
        x         y         z   pot at#
    -0.0000   -0.0000   -0.0000  0  28 Ni       absorbing atom
     4.1684   -0.0000   -4.1684  1  28 Ni    
    k   real[2*phc]   mag[feff]  phase[feff] red factor   lambda     real[p]@#
  0.000  3.1804E+00  6.4857E-06 -1.5950E+00  1.006E+00  2.1749E+01  2.2490E+00
  0.100  3.1802E+00  2.9905E-02 -2.7495E+00  1.006E+00  2.1769E+01  2.2511E+00
  0.200  3.1794E+00  5.9492E-02 -3.8559E+00  1.006E+00  2.1829E+01  2.2575E+00
  0.300  3.1781E+00  8.8456E-02 -4.9143E+00  1.006E+00  2.1923E+01  2.2681E+00
  0.400  3.1763E+00  1.1652E-01 -5.9252E+00  1.006E+00  2.2043E+01  2.2828E+00
  0.500  3.1738E+00  1.4342E-01 -6.8896E+00  1.006E+00  2.2179E+01  2.3016E+00
  0.600  3.1707E+00  1.6894E-01 -7.8083E+00  1.007E+00  2.2316E+01  2.3243E+00
  0.700  3.1668E+00  1.9292E-01 -8.6824E+00  1.007E+00  2.2438E+01  2.3510E+00
  0.800  3.1621E+00  2.1519E-01 -9.5131E+00  1.007E+00  2.2529E+01  2.3814E+00
  0.900  3.1564E+00  2.3564E-01 -1.0302E+01  1.008E+00  2.2571E+01  2.4155E+00
  1.000  3.1497E+00  2.5420E-01 -1.1049E+01  1.009E+00  2.2548E+01  2.4532E+00
  1.100  3.1418E+00  2.7079E-01 -1.1757E+01  1.010E+00  2.2447E+01  2.4943E+00
  1.200  3.1325E+00  2.8536E-01 -1.2426E+01  1.011E+00  2.2256E+01  2.5387E+00
  1.300  3.1218E+00  2.9788E-01 -1.3057E+01  1.012E+00  2.1972E+01  2.5863E+00
  1.400  3.1094E+00  3.0829E-01 -1.3651E+01  1.013E+00  2.1595E+01  2.6371E+00
  1.500  3.0952E+00  3.1656E-01 -1.4209E+01  1.015E+00  2.1133E+01  2.6909E+00
  1.600  3.0789E+00  3.2265E-01 -1.4731E+01  1.017E+00  2.0596E+01  2.7477E+00
  1.700  3.0603E+00  3.2652E-01 -1.5216E+01  1.020E+00  2.0002E+01  2.8076E+00
  1.800  3.0392E+00  3.2813E-01 -1.5665E+01  1.023E+00  1.9369E+01  2.8703E+00
  1.900  3.0151E+00  3.2744E-01 -1.6078E+01  1.027E+00  1.8718E+01  2.9360E+00
  2.000  2.9879E+00  3.2443E-01 -1.6452E+01  1.031E+00  1.8070E+01  3.0046E+00
  2.200  2.9223E+00  3.1146E-01 -1.7077E+01  1.039E+00  1.6863E+01  3.1507E+00
  2.400  2.8453E+00  2.8815E-01 -1.7498E+01  1.049E+00  1.5900E+01  3.3093E+00
  2.600  2.7102E+00  2.3211E-01 -1.7713E+01  1.027E+00  1.5306E+01  3.4925E+00
  2.800  2.5883E+00  2.3205E-01 -1.8045E+01  1.153E+00  8.4010E+00  3.6662E+00
  3.000  2.5613E+00  2.2895E-01 -1.8640E+01  1.205E+00  6.9344E+00  3.8013E+00
  3.200  2.5322E+00  2.3198E-01 -1.9140E+01  1.229E+00  6.2807E+00  3.9372E+00
  3.400  2.4809E+00  2.4952E-01 -1.9509E+01  1.240E+00  5.9562E+00  4.0822E+00
  3.600  2.4199E+00  2.8533E-01 -1.9835E+01  1.239E+00  5.8057E+00  4.2326E+00
  3.800  2.3503E+00  3.3597E-01 -2.0150E+01  1.232E+00  5.7590E+00  4.3879E+00
  4.000  2.2748E+00  3.9635E-01 -2.0463E+01  1.224E+00  5.7808E+00  4.5475E+00
  4.200  2.1956E+00  4.5860E-01 -2.0766E+01  1.209E+00  5.8515E+00  4.7110E+00
  4.400  2.1126E+00  5.1938E-01 -2.1058E+01  1.195E+00  5.9590E+00  4.8780E+00
  4.600  2.0279E+00  5.7649E-01 -2.1336E+01  1.181E+00  6.0956E+00  5.0482E+00
  4.800  1.9428E+00  6.2583E-01 -2.1594E+01  1.167E+00  6.2559E+00  5.2211E+00
  5.000  1.8571E+00  6.7004E-01 -2.1838E+01  1.153E+00  6.4360E+00  5.3966E+00
  5.200  1.7717E+00  7.0898E-01 -2.2067E+01  1.139E+00  6.6333E+00  5.5742E+00
  5.400  1.6865E+00  7.4200E-01 -2.2280E+01  1.127E+00  6.8457E+00  5.7538E+00
  5.600  1.6014E+00  7.7079E-01 -2.2479E+01  1.114E+00  7.0714E+00  5.9352E+00
  5.800  1.5167E+00  7.9526E-01 -2.2664E+01  1.101E+00  7.3091E+00  6.1181E+00
  6.000  1.4319E+00  8.1518E-01 -2.2836E+01  1.091E+00  7.5579E+00  6.3025E+00
  6.500  1.2207E+00  8.4181E-01 -2.3218E+01  1.065E+00  8.2231E+00  6.7686E+00
  7.000  1.0116E+00  8.3598E-01 -2.3546E+01  1.045E+00  8.9424E+00  7.2408E+00
  7.500  8.0799E-01  8.0549E-01 -2.3836E+01  1.029E+00  9.7093E+00  7.7176E+00
  8.000  6.1228E-01  7.6232E-01 -2.4098E+01  1.017E+00  1.0519E+01  8.1982E+00
  8.500  4.2804E-01  7.1262E-01 -2.4333E+01  1.005E+00  1.1369E+01  8.6816E+00
  9.000  2.5187E-01  6.5816E-01 -2.4551E+01  9.937E-01  1.2255E+01  9.1675E+00
  9.500  8.0797E-02  6.0141E-01 -2.4760E+01  9.821E-01  1.3176E+01  9.6552E+00
 10.000 -8.6860E-02  5.4680E-01 -2.4960E+01  9.710E-01  1.4131E+01  1.0144E+01
 11.000 -4.0904E-01  4.5162E-01 -2.5333E+01  9.553E-01  1.6134E+01  1.1127E+01
 12.000 -7.0714E-01  3.7283E-01 -2.5672E+01  9.450E-01  1.8255E+01  1.2113E+01
 13.000 -9.8368E-01  3.1016E-01 -2.5993E+01  9.391E-01  2.0487E+01  1.3101E+01
 14.000 -1.2396E+00  2.6078E-01 -2.6290E+01  9.360E-01  2.2824E+01  1.4092E+01
 15.000 -1.4773E+00  2.2297E-01 -2.6572E+01  9.342E-01  2.5262E+01  1.5084E+01
 16.000 -1.6985E+00  1.9510E-01 -2.6837E+01  9.338E-01  2.7796E+01  1.6077E+01
 17.000 -1.9048E+00  1.7402E-01 -2.7087E+01  9.340E-01  3.0423E+01  1.7072E+01
 18.000 -2.0977E+00  1.5760E-01 -2.7319E+01  9.345E-01  3.3139E+01  1.8067E+01
 19.000 -2.2784E+00  1.4412E-01 -2.7536E+01  9.354E-01  3.5942E+01  1.9062E+01
 20.000 -2.4479E+00  1.3343E-01 -2.7740E+01  9.363E-01  3.8828E+01  2.0059E+01
