 name:     NiO                                                    Feff 8.50L
 formula:  NiO
 sites:    Ni1,O1
 refer1:   wyckoff 1,III,88
 refer2:
 schoen:
 notes1:   salt, halite
 POT  Non-SCF, core-hole, AFOLP (folp(0)= 1.150)
 Abs   Z=28 Rmt= 1.315 Rnm= 1.375 K  shell
 Pot 1 Z=28 Rmt= 1.320 Rnm= 1.381
 Pot 2 Z= 8 Rmt= 1.014 Rnm= 1.061
 Gam_ch=1.576E+00 H-L exch
 Mu=-3.100E+00 kf=2.249E+00 Vint=-2.236E+01 Rs_int= 1.613
 PATH  Rmax= 5.900,  Keep_limit= 0.00, Heap_limit 0.00  Pwcrit= 2.50%
 Path   20      icalc       2
 -----------------------------------------------------------------------
   3  48.000   4.8461    2.3477   -3.09981 nleg, deg, reff, rnrmav(bohr), edge
        x         y         z   pot at#
    -0.0000   -0.0000   -0.0000  0  28 Ni       absorbing atom
    -0.0000   -2.0842   -4.1684  2   8 O     
    -0.0000   -2.0842   -2.0842  1  28 Ni    
    k   real[2*phc]   mag[feff]  phase[feff] red factor   lambda     real[p]@#
  0.000  3.1804E+00  2.4314E-06 -3.6443E-01  1.006E+00  2.1749E+01  2.2490E+00
  0.100  3.1802E+00  1.1218E-02 -1.3142E+00  1.006E+00  2.1769E+01  2.2511E+00
  0.200  3.1794E+00  2.2359E-02 -2.2258E+00  1.006E+00  2.1829E+01  2.2575E+00
  0.300  3.1781E+00  3.3352E-02 -3.0993E+00  1.006E+00  2.1923E+01  2.2681E+00
  0.400  3.1763E+00  4.4125E-02 -3.9353E+00  1.006E+00  2.2043E+01  2.2828E+00
  0.500  3.1738E+00  5.4620E-02 -4.7342E+00  1.006E+00  2.2179E+01  2.3016E+00
  0.600  3.1707E+00  6.4786E-02 -5.4968E+00  1.007E+00  2.2316E+01  2.3243E+00
  0.700  3.1668E+00  7.4579E-02 -6.2240E+00  1.007E+00  2.2438E+01  2.3510E+00
  0.800  3.1621E+00  8.3964E-02 -6.9166E+00  1.007E+00  2.2529E+01  2.3814E+00
  0.900  3.1564E+00  9.2911E-02 -7.5755E+00  1.008E+00  2.2571E+01  2.4155E+00
  1.000  3.1497E+00  1.0139E-01 -8.2018E+00  1.009E+00  2.2548E+01  2.4532E+00
  1.100  3.1418E+00  1.0939E-01 -8.7963E+00  1.010E+00  2.2447E+01  2.4943E+00
  1.200  3.1325E+00  1.1687E-01 -9.3598E+00  1.011E+00  2.2256E+01  2.5387E+00
  1.300  3.1218E+00  1.2381E-01 -9.8932E+00  1.012E+00  2.1972E+01  2.5863E+00
  1.400  3.1094E+00  1.3017E-01 -1.0397E+01  1.013E+00  2.1595E+01  2.6371E+00
  1.500  3.0952E+00  1.3592E-01 -1.0873E+01  1.015E+00  2.1133E+01  2.6909E+00
  1.600  3.0789E+00  1.4100E-01 -1.1320E+01  1.017E+00  2.0596E+01  2.7477E+00
  1.700  3.0603E+00  1.4537E-01 -1.1739E+01  1.020E+00  2.0002E+01  2.8076E+00
  1.800  3.0392E+00  1.4897E-01 -1.2130E+01  1.023E+00  1.9369E+01  2.8703E+00
  1.900  3.0151E+00  1.5173E-01 -1.2494E+01  1.027E+00  1.8718E+01  2.9360E+00
  2.000  2.9879E+00  1.5357E-01 -1.2831E+01  1.031E+00  1.8070E+01  3.0046E+00
  2.200  2.9223E+00  1.5419E-01 -1.3421E+01  1.039E+00  1.6863E+01  3.1507E+00
  2.400  2.8453E+00  1.4509E-01 -1.3906E+01  1.049E+00  1.5900E+01  3.3093E+00
  2.600  2.7102E+00  1.5910E-01 -1.4352E+01  1.027E+00  1.5306E+01  3.4925E+00
  2.800  2.5883E+00  1.8775E-01 -1.4521E+01  1.153E+00  8.4010E+00  3.6662E+00
  3.000  2.5613E+00  1.7673E-01 -1.5091E+01  1.205E+00  6.9344E+00  3.8013E+00
  3.200  2.5322E+00  1.5422E-01 -1.5673E+01  1.229E+00  6.2807E+00  3.9372E+00
  3.400  2.4809E+00  1.3298E-01 -1.6199E+01  1.240E+00  5.9562E+00  4.0822E+00
  3.600  2.4199E+00  1.1186E-01 -1.6699E+01  1.239E+00  5.8057E+00  4.2326E+00
  3.800  2.3503E+00  9.2186E-02 -1.7173E+01  1.232E+00  5.7590E+00  4.3879E+00
  4.000  2.2748E+00  7.4495E-02 -1.7619E+01  1.224E+00  5.7808E+00  4.5475E+00
  4.200  2.1956E+00  5.9012E-02 -1.8041E+01  1.209E+00  5.8515E+00  4.7110E+00
  4.400  2.1126E+00  4.5101E-02 -1.8426E+01  1.195E+00  5.9590E+00  4.8780E+00
  4.600  2.0279E+00  3.2433E-02 -1.8777E+01  1.181E+00  6.0956E+00  5.0482E+00
  4.800  1.9428E+00  2.1191E-02 -1.9113E+01  1.167E+00  6.2559E+00  5.2211E+00
  5.000  1.8571E+00  1.0921E-02 -1.9432E+01  1.153E+00  6.4360E+00  5.3966E+00
  5.200  1.7717E+00  1.8570E-03 -1.9957E+01  1.139E+00  6.6333E+00  5.5742E+00
  5.400  1.6865E+00  6.1185E-03 -2.2922E+01  1.127E+00  6.8457E+00  5.7538E+00
  5.600  1.6014E+00  1.2806E-02 -2.3214E+01  1.114E+00  7.0714E+00  5.9352E+00
  5.800  1.5167E+00  1.8342E-02 -2.3454E+01  1.101E+00  7.3091E+00  6.1181E+00
  6.000  1.4319E+00  2.2836E-02 -2.3669E+01  1.091E+00  7.5579E+00  6.3025E+00
  6.500  1.2207E+00  3.0450E-02 -2.4172E+01  1.065E+00  8.2231E+00  6.7686E+00
  7.000  1.0116E+00  3.4451E-02 -2.4623E+01  1.045E+00  8.9424E+00  7.2408E+00
  7.500  8.0799E-01  3.6055E-02 -2.5030E+01  1.029E+00  9.7093E+00  7.7176E+00
  8.000  6.1228E-01  3.5775E-02 -2.5404E+01  1.017E+00  1.0519E+01  8.1982E+00
  8.500  4.2804E-01  3.4419E-02 -2.5748E+01  1.005E+00  1.1369E+01  8.6816E+00
  9.000  2.5187E-01  3.2083E-02 -2.6071E+01  9.937E-01  1.2255E+01  9.1675E+00
  9.500  8.0797E-02  2.9319E-02 -2.6372E+01  9.821E-01  1.3176E+01  9.6552E+00
 10.000 -8.6860E-02  2.6487E-02 -2.6653E+01  9.710E-01  1.4131E+01  1.0144E+01
 11.000 -4.0904E-01  2.1255E-02 -2.7156E+01  9.553E-01  1.6134E+01  1.1127E+01
 12.000 -7.0714E-01  1.6597E-02 -2.7604E+01  9.450E-01  1.8255E+01  1.2113E+01
 13.000 -9.8368E-01  1.2090E-02 -2.8020E+01  9.391E-01  2.0487E+01  1.3101E+01
 14.000 -1.2396E+00  7.9960E-03 -2.8346E+01  9.360E-01  2.2824E+01  1.4092E+01
 15.000 -1.4773E+00  5.1268E-03 -2.8338E+01  9.342E-01  2.5262E+01  1.5084E+01
 16.000 -1.6985E+00  5.2320E-03 -2.8049E+01  9.338E-01  2.7796E+01  1.6077E+01
 17.000 -1.9048E+00  7.1694E-03 -2.8175E+01  9.340E-01  3.0423E+01  1.7072E+01
 18.000 -2.0977E+00  8.4738E-03 -2.8538E+01  9.345E-01  3.3139E+01  1.8067E+01
 19.000 -2.2784E+00  8.5107E-03 -2.8927E+01  9.354E-01  3.5942E+01  1.9062E+01
 20.000 -2.4479E+00  8.0455E-03 -2.9300E+01  9.363E-01  3.8828E+01  2.0059E+01
