 ferrocene-based macrocycle                                       Feff 8.50L
 Dinnebier et al,  Organometallics 2001, 20, 5642-5647
 doi:10.1021/om0105066
 POT  Non-SCF, core-hole, AFOLP (folp(0)= 1.150)
 Abs   Z=26 Rmt= 1.259 Rnm= 1.308 K  shell
 Pot 1 Z=26 Rmt= 1.298 Rnm= 1.358
 Pot 2 Z= 6 Rmt= 0.856 Rnm= 1.054
 Pot 3 Z= 5 Rmt= 0.932 Rnm= 1.069
 Pot 4 Z= 7 Rmt= 0.778 Rnm= 0.961
 Pot 5 Z= 8 Rmt= 0.780 Rnm= 0.992
 Pot 6 Z= 1 Rmt= 0.751 Rnm= 0.908
 Gam_ch=1.309E+00 H-L exch
 Mu= 5.706E+00 kf=2.471E+00 Vint=-1.756E+01 Rs_int= 1.468
 PATH  Rmax= 3.000,  Keep_limit= 0.00, Heap_limit 0.00  Pwcrit= 2.50%
 Path    9      icalc       2
 -----------------------------------------------------------------------
   2   1.000   2.0873    1.8907    5.70590 nleg, deg, reff, rnrmav(bohr), edge
        x         y         z   pot at#
    -0.0000   -0.0000   -0.0000  0  26 Fe       absorbing atom
    -0.3702   -1.7990    0.9916  2   6 C     
    k   real[2*phc]   mag[feff]  phase[feff] red factor   lambda     real[p]@#
 -0.000  3.5024E+00  7.5180E-05 -2.3307E+00  1.017E+00  2.8772E+01  2.4712E+00
  0.100  3.5015E+00  4.3094E-02 -2.7417E+00  1.017E+00  2.8795E+01  2.4731E+00
  0.200  3.4987E+00  8.5794E-02 -3.1376E+00  1.017E+00  2.8860E+01  2.4789E+00
  0.300  3.4939E+00  1.2772E-01 -3.5191E+00  1.017E+00  2.8961E+01  2.4885E+00
  0.400  3.4872E+00  1.6850E-01 -3.8864E+00  1.018E+00  2.9090E+01  2.5019E+00
  0.500  3.4785E+00  2.0781E-01 -4.2397E+00  1.018E+00  2.9231E+01  2.5191E+00
  0.600  3.4677E+00  2.4536E-01 -4.5791E+00  1.018E+00  2.9368E+01  2.5399E+00
  0.700  3.4547E+00  2.8090E-01 -4.9048E+00  1.019E+00  2.9482E+01  2.5643E+00
  0.800  3.4395E+00  3.1421E-01 -5.2170E+00  1.019E+00  2.9550E+01  2.5921E+00
  0.900  3.4220E+00  3.4513E-01 -5.5160E+00  1.020E+00  2.9551E+01  2.6234E+00
  1.000  3.4021E+00  3.7353E-01 -5.8020E+00  1.020E+00  2.9464E+01  2.6580E+00
  1.100  3.3797E+00  3.9930E-01 -6.0752E+00  1.021E+00  2.9272E+01  2.6958E+00
  1.200  3.3548E+00  4.2237E-01 -6.3359E+00  1.022E+00  2.8961E+01  2.7368E+00
  1.300  3.3272E+00  4.4270E-01 -6.5842E+00  1.023E+00  2.8525E+01  2.7807E+00
  1.400  3.2970E+00  4.6025E-01 -6.8203E+00  1.025E+00  2.7965E+01  2.8276E+00
  1.500  3.2641E+00  4.7502E-01 -7.0444E+00  1.026E+00  2.7289E+01  2.8774E+00
  1.600  3.2285E+00  4.8698E-01 -7.2566E+00  1.028E+00  2.6512E+01  2.9300E+00
  1.700  3.1901E+00  4.9614E-01 -7.4571E+00  1.030E+00  2.5652E+01  2.9854E+00
  1.800  3.1489E+00  5.0250E-01 -7.6459E+00  1.033E+00  2.4735E+01  3.0435E+00
  1.900  3.1049E+00  5.0609E-01 -7.8232E+00  1.036E+00  2.3785E+01  3.1042E+00
  2.000  3.0580E+00  5.0693E-01 -7.9891E+00  1.039E+00  2.2827E+01  3.1676E+00
  2.200  2.9554E+00  5.0055E-01 -8.2869E+00  1.045E+00  2.0981E+01  3.3024E+00
  2.400  2.8407E+00  4.8398E-01 -8.5403E+00  1.052E+00  1.9361E+01  3.4479E+00
  2.600  2.7179E+00  4.5842E-01 -8.7524E+00  1.057E+00  1.8092E+01  3.6045E+00
  2.800  2.5495E+00  4.2373E-01 -8.9190E+00  1.043E+00  1.7251E+01  3.7839E+00
  3.000  2.3971E+00  4.2546E-01 -9.0848E+00  1.152E+00  9.3259E+00  3.9565E+00
  3.200  2.3331E+00  4.0583E-01 -9.3131E+00  1.199E+00  7.5189E+00  4.0938E+00
  3.400  2.2813E+00  3.7440E-01 -9.5616E+00  1.224E+00  6.7424E+00  4.2286E+00
  3.600  2.2145E+00  3.4436E-01 -9.8047E+00  1.228E+00  6.3375E+00  4.3728E+00
  3.800  2.1443E+00  3.1945E-01 -1.0048E+01  1.227E+00  6.1314E+00  4.5220E+00
  4.000  2.0724E+00  3.0004E-01 -1.0289E+01  1.218E+00  6.0419E+00  4.6758E+00
  4.200  1.9992E+00  2.8557E-01 -1.0522E+01  1.207E+00  6.0286E+00  4.8337E+00
  4.400  1.9253E+00  2.7507E-01 -1.0748E+01  1.196E+00  6.0688E+00  4.9955E+00
  4.600  1.8508E+00  2.6772E-01 -1.0963E+01  1.183E+00  6.1488E+00  5.1606E+00
  4.800  1.7740E+00  2.6202E-01 -1.1161E+01  1.171E+00  6.2600E+00  5.3287E+00
  5.000  1.6953E+00  2.5717E-01 -1.1344E+01  1.160E+00  6.3963E+00  5.4996E+00
  5.200  1.6142E+00  2.5189E-01 -1.1512E+01  1.151E+00  6.5535E+00  5.6730E+00
  5.400  1.5298E+00  2.4531E-01 -1.1663E+01  1.140E+00  6.7285E+00  5.8487E+00
  5.600  1.4426E+00  2.3689E-01 -1.1802E+01  1.131E+00  6.9189E+00  6.0263E+00
  5.800  1.3524E+00  2.2639E-01 -1.1931E+01  1.122E+00  7.1231E+00  6.2057E+00
  6.000  1.2599E+00  2.1374E-01 -1.2049E+01  1.112E+00  7.3396E+00  6.3867E+00
  6.500  1.0250E+00  1.7613E-01 -1.2324E+01  1.088E+00  7.9278E+00  6.8454E+00
  7.000  7.9814E-01  1.3778E-01 -1.2586E+01  1.063E+00  8.5736E+00  7.3112E+00
  7.500  5.9202E-01  1.0777E-01 -1.2845E+01  1.042E+00  9.2691E+00  7.7826E+00
  8.000  4.0719E-01  9.0167E-02 -1.3087E+01  1.027E+00  1.0009E+01  8.2583E+00
  8.500  2.3649E-01  8.2886E-02 -1.3276E+01  1.013E+00  1.0788E+01  8.7376E+00
  9.000  4.5481E-02  8.0637E-02 -1.3425E+01  9.996E-01  1.1605E+01  9.2198E+00
  9.500 -1.4052E-01  7.8085E-02 -1.3560E+01  9.876E-01  1.2457E+01  9.7043E+00
 10.000 -3.2261E-01  7.1912E-02 -1.3707E+01  9.761E-01  1.3341E+01  1.0191E+01
 11.000 -6.4969E-01  5.1655E-02 -1.4083E+01  9.593E-01  1.5204E+01  1.1168E+01
 12.000 -9.4480E-01  3.9149E-02 -1.4430E+01  9.521E-01  1.7184E+01  1.2150E+01
 13.000 -1.2310E+00  3.6761E-02 -1.4489E+01  9.465E-01  1.9275E+01  1.3135E+01
 14.000 -1.4860E+00  3.1497E-02 -1.4625E+01  9.425E-01  2.1470E+01  1.4123E+01
 15.000 -1.7222E+00  2.2914E-02 -1.4817E+01  9.417E-01  2.3765E+01  1.5113E+01
 16.000 -1.9473E+00  1.8068E-02 -1.4668E+01  9.405E-01  2.6157E+01  1.6104E+01
 17.000 -2.1508E+00  2.4965E-02 -1.4297E+01  9.403E-01  2.8641E+01  1.7097E+01
 18.000 -2.3431E+00  3.4716E-02 -1.4278E+01  9.409E-01  3.1216E+01  1.8090E+01
 19.000 -2.5236E+00  4.0032E-02 -1.4428E+01  9.409E-01  3.3878E+01  1.9085E+01
 20.000 -2.6904E+00  4.3568E-02 -1.4610E+01  9.411E-01  3.6624E+01  2.0080E+01
