NSLS/X11 EDC-5.02 15-Sep-92 01:52:53 E- ENERGY=2.584GEV
Cu foil, 10K, rolled and annealled foil by matt                                 
                                                                                
2-SI111 HC/2D= 1977.260 STPDEG=6400. STPMMZ= 40. FOCUS=F TRANSLT=F
E0= 8980.0 NREG= 3 NPTS= 611 NSCLRS= 3 EF=     .0
 
SRB=   -193.7    -43.5     30.0   2381.3
DEL=           10.020     .483     .050K
SEC=             1.000    1.000    1.000
DETECTORSI0      I       If      
GAINS           8       7      10
OFFSETS     51284   50016   48319
 8786.204  393970  142967       1
 8796.258  384236  142063       2
 8806.253  381503  141748       2
 8816.270  377705  141045       1
 8826.270  369933  138826       2
 8836.292  378117  142597       2
 8846.337  375475  142282       2
 8856.322  373606  142239       2
 8866.372  372222  142381       2
 8876.361  370837  142527       2
 8886.416  369334  142614       2
 8896.409  368801  143019       2
 8906.425  366711  142850       2
 8916.464  365133  142805       2
 8926.483  363913  142901       1
 8936.483  362336  142685       0
 8936.998  361940  142534       1
 8937.471  361597  142390       2
 8937.944  361449  142368       1
 8938.417  361401  142383       2
 8938.976  361147  142277       1
 8939.406  360960  142204       2
 8939.878  360604  142080       1
 8940.352  360011  141855       1
 8940.824  359256  141570       2
 8941.384  357219  140784       2
 8941.814  356262  140421       1
 8942.287  356666  140597       1
 8942.761  357822  141077       1
 8943.319  360283  142064       1
 8943.793  361538  142575       1
 8944.224  361599  142580       1
 8944.697  361639  142608       1
 8945.257  361532  142587       1
 8945.730  361328  142508       2
 8946.204  361220  142473       1
 8946.635  361111  142427       1
 8947.108  360927  142363       1
 8947.668  360771  142308       2
 8948.143  360638  142256       1
 8948.616  360640  142265       2
 8949.048  360536  142214       1
 8949.564  360388  142159       1
 8950.038  360165  142088       1
 8950.513  360150  142058       2
 8950.987  360035  142025       1
 8951.461  359876  141941       2
 8951.979  359901  141953       1
 8952.453  359669  141873       1
 8952.927  359591  141829       2
 8953.401  359367  141729       2
 8953.876  359276  141674       1
 8954.394  359099  141596       2
 8954.868  358948  141524       2
 8955.343  358933  141489       1
 8955.817  358759  141402       2
 8956.336  358696  141362       2
 8956.811  358524  141283       1
 8957.285  358466  141225       1
 8957.761  358322  141154       2
 8958.235  358133  141042       2
 8958.710  358064  140956       2
 8959.229  357984  140883       2
 8959.703  357844  140806       1
 8960.179  357736  140705       2
 8960.654  357696  140657       1
 8961.130  357559  140536       2
 8961.647  357477  140472       1
 8962.123  357257  140313       2
 8962.599  357282  140252       2
 8963.074  357039  140061       2
 8963.550  356916  139932       2
 8964.068  356899  139810       2
 8964.544  356735  139654       2
 8965.020  356629  139503       3
 8965.496  356507  139350       2
 8965.972  356353  139145       2
 8966.447  356219  138959       2
 8966.967  356171  138760       2
 8967.442  356047  138515       1
 8967.919  355938  138228       2
 8968.395  355754  138011       2
 8968.871  355660  137757       2
 8969.347  355569  137375       2
 8969.909  355367  136924       2
 8970.386  355137  136535       2
 8970.862  354844  135984       2
 8971.339  354357  135161       2
 8971.772  353956  134734       2
 8972.248  353026  133764       2
 8972.812  350996  132023       2
 8973.288  348951  130218       3
 8973.765  348868  128865       2
 8974.198  349617  128102       2
 8974.675  352336  126325       2
 8975.151  353676  124836       2
 8975.628  354582  122218       2
 8976.192  354929  114715       2
 8976.626  354821  105925       2
 8977.103  354673   92147       3
 8977.580  354474   73245       2
 8978.057  354293   59673       2
 8978.534  354073   51768       3
 8979.055  353920   48340       1
 8979.531  353705   47185       2
 8980.009  353618   47558       2
 8980.486  353504   48548       2
 8980.964  353353   49738       1
 8981.441  353277   50355       2
 8981.919  353028   49599       1
 8982.396  352830   48291       3
 8982.918  352724   46133       2
 8983.396  352567   43734       2
 8983.873  352384   41877       2
 8984.352  352293   40382       2
 8984.829  352220   38845       2
 8985.307  352058   36489       2
 8985.785  351900   35093       1
 8986.307  351853   32645       2
 8986.784  351714   30424       2
 8987.263  351673   27439       2
 8987.741  351556   25370       3
 8988.219  351419   22707       2
 8988.697  351242   20380       2
 8989.176  351167   18824       3
 8989.653  351044   17401       2
 8990.132  350956   15761       3
 8990.698  350741   14140       2
 8991.133  350573   13539       2
 8991.611  350403   12928       2
 8992.090  350372   12827       3
 8992.568  350263   13012       2
 8993.048  350106   13298       2
 8993.526  349942   13813       2
 8994.006  349845   14348       2
 8994.484  349572   14922       2
 8995.007  349080   15567       2
 8995.485  348474   16070       2
 8995.965  348083   16359       2
 8996.444  347814   16564       3
 8996.924  347709   16651       2
 8997.402  347674   16510       2
 8997.882  347618   16177       2
 8998.361  347548   15648       2
 8998.840  347466   14677       2
 8999.319  347398   14185       2
 8999.799  347660   13434       1
 9000.366  348106   12789       3
 9000.803  348169   12317       2
 9001.281  348171   12104       2
 9001.762  348078   12138       2
 9002.241  347976   12368       2
 9002.721  347866   12900       2
 9003.201  347832   13201       1
 9003.681  347699   13754       2
 9004.161  347522   14051       1
 9004.642  347536   14869       2
 9005.121  347381   15245       1
 9005.602  347243   15726       2
 9006.125  347124   16223       1
 9006.605  346957   16543       2
 9007.086  346817   16884       2
 9007.566  346799   17354       2
 9008.047  346612   17679       2
 9008.526  346453   18036       2
 9009.007  346232   18275       2
 9009.487  346172   18425       2
 9009.969  346035   18454       2
 9011.062  346136   18268       2
 9012.153  346023   18003       2
 9013.246  346031   17563       1
 9014.384  345833   17069       2
 9015.565  345783   16187       2
 9016.746  345602   15387       2
 9017.928  344971   14764       2
 9019.154  341538   13797       3
 9020.380  338742   12933       3
 9021.606  338267   12359       2
 9022.877  338054   11931       3
 9024.191  337771   11875       3
 9025.464  337162   12221       2
 9026.822  336303   12953       2
 9028.140  336033   13731       2
 9029.499  338612   14841       2
 9030.903  339658   15702       2
 9032.309  339559   16261       2
 9033.759  338177   16593       2
 9035.164  335193   16531       3
 9036.615  338276   16524       3
 9038.109  340486   16246       2
 9039.604  340232   15884       3
 9041.145  339952   15775       3
 9042.642  339565   15912       3
 9044.271  339236   16067       2
 9045.768  338979   15950       2
 9047.397  338680   15513       2
 9049.029  338322   15072       3
 9050.616  337982   14959       3
 9052.336  337626   15027       2
 9053.969  337208   14971       2
 9055.646  336857   14639       3
 9057.324  336616   14185       2
 9059.047  336136   13774       2
 9060.814  335799   13514       2
 9062.627  335517   13261       3
 9064.353  335103   12960       3
 9066.166  334727   12521       2
 9067.981  334352   12082       3
 9069.842  333902   11749       3
 9071.702  333461   11723       3
 9073.563  333034   12011       3
 9075.470  332693   12644       3
 9077.377  332244   13547       3
 9079.329  331811   14341       2
 9081.283  331364   14983       3
 9083.237  330978   15571       2
 9085.281  330534   15890       2
 9087.237  330232   15946       2
 9089.283  329741   16277       2
 9091.330  329292   17156       2
 9093.378  328896   18006       3
 9095.472  328360   18633       3
 9097.610  327510   18737       2
 9099.705  327190   18339       2
 9101.847  326618   17655       3
 9104.033  326499   16831       2
 9106.221  325926   15938       3
 9108.409  325447   15138       2
 9110.644  324829   14625       2
 9112.879  323628   14472       2
 9115.160  317301   14424       3
 9117.398  320567   14863       2
 9119.728  324958   15160       2
 9122.057  324338   14534       1
 9124.389  323601   13143       2
 9126.721  323178   11595       1
 9129.099  322763   10874       2
 9131.478  322214   10828       2
 9133.904  321741   11136       3
 9136.331  321112   11444       2
 9138.805  319952   11794       2
 9141.279  315402   12366       2
 9143.756  293615   12501       2
 9146.233  308917   14545       2
 9148.803  319499   16780       1
 9151.328  319160   18661       3
 9153.899  318928   20448       2
 9156.474  318421   21621       2
 9159.094  318002   21746       2
 9161.716  317514   20690       2
 9164.339  317034   18962       2
 9167.009  316546   17114       2
 9169.681  315842   15474       2
 9172.399  315544   14488       2
 9175.074  315045   13971       3
 9177.842  314538   14044       2
 9180.564  314063   14579       2
 9183.381  313598   15098       3
 9186.153  313024   15344       2
 9188.973  312564   15438       3
 9191.794  312097   15855       2
 9194.663  311580   16492       2
 9197.533  310941   16604       2
 9200.406  309783   15795       2
 9203.326  304022   14067       3
 9206.247  310949   13059       2
 9209.217  310628   12622       3
 9212.143  309953   12557       2
 9215.115  309576   12742       2
 9218.183  309061   13281       2
 9221.160  308854   14317       2
 9224.185  308252   15699       2
 9227.258  307823   17122       2
 9230.333  307312   18280       2
 9233.502  306869   19012       3
 9236.581  306071   19313       2
 9239.755  303896   19059       2
 9242.838  305491   18574       3
 9246.016  305031   18130       3
 9249.196  304123   18093       2
 9252.425  299992   17761       2
 9255.655  303547   17831       3
 9258.889  303092   17751       3
 9262.171  302618   17457       3
 9265.454  302233   16883       2
 9268.787  301622   16360       3
 9272.122  301120   16014       2
 9275.459  300508   15826       3
 9278.800  300090   15789       3
 9282.188  299619   15794       3
 9285.580  298966   15611       2
 9289.021  298490   15355       3
 9292.465  297512   15008       2
 9295.910  295950   14684       2
 9299.404  297273   15071       2
 9302.949  296671   15786       2
 9306.403  296139   16474       2
 9309.953  295723   17268       2
 9313.506  294605   17985       2
 9317.061  290029   18068       2
 9320.666  288183   17847       2
 9324.320  293453   17818       2
 9327.932  293252   17534       2
 9331.592  292729   17745       2
 9335.256  292313   18445       1
 9338.922  291859   19384       2
 9342.639  291444   19824       2
 9346.358  290983   19326       3
 9350.128  289411   18741       2
 9353.900  290029   18766       2
 9357.677  289655   18537       2
 9361.455  289289   18206       3
 9365.285  288771   18039       3
 9369.165  288268   17865       2
 9373.048  287943   17689       3
 9376.840  287335   17517       3
 9380.777  286999   17370       2
 9384.671  286410   17247       2
 9388.614  285979   17181       2
 9392.563  285616   17132       2
 9396.561  285070   17088       2
 9400.515  284439   17125       2
 9404.567  283944   17381       2
 9408.576  283509   17935       2
 9412.637  283042   18678       2
 9416.700  282421   19293       3
 9420.768  281836   19497       3
 9424.935  281186   19441       2
 9429.010  280635   19217       2
 9433.184  279545   18854       3
 9437.313  279029   18659       2
 9441.495  278302   18681       2
 9445.729  277601   18907       2
 9449.966  277383   19453       2
 9454.208  276969   19992       3
 9458.453  276597   20065       2
 9462.702  276043   19833       3
 9467.004  275651   19863       2
 9471.358  275144   20097       3
 9475.668  274602   20188       2
 9480.029  274164   20163       2
 9484.396  273608   19958       2
 9488.814  273000   19622       1
 9493.189  272521   19334       2
 9497.665  271903   18991       2
 9502.097  271299   18587       2
 9506.581  270930   18263       3
 9511.118  270418   18133       2
 9515.563  269845   18241       2
 9520.109  269366   18668       2
 9524.611  268675   19455       2
 9529.265  268004   20300       2
 9533.775  267374   20637       3
 9538.438  266640   20687       2
 9543.007  266013   20667       2
 9547.679  265425   20666       2
 9552.306  264836   20598       2
 9556.986  264093   20455       2
 9561.673  259717   20098       2
 9566.462  262931   20489       2
 9571.157  262516   20565       2
 9575.956  261852   20580       3
 9580.661  260494   20640       3
 9585.470  256827   20707       3
 9590.283  257180   20912       3
 9595.102  257032   20912       2
 9599.976  256023   20862       2
 9604.854  255041   20689       2
 9609.737  258495   20884       2
 9614.625  258721   20926       1
 9619.568  258514   20924       2
 9624.518  258245   20802       3
 9629.471  257904   20620       2
 9634.431  257696   20648       2
 9639.445  257512   20815       2
 9644.466  257021   20980       1
 9649.541  256799   21165       2
 9654.571  256542   21278       2
 9659.708  256296   21452       1
 9664.750  255995   21743       2
 9669.847  255768   21963       2
 9675.001  255478   22077       3
 9680.159  255133   22135       2
 9685.324  254739   22106       2
 9690.545  252761   22063       2
 9695.722  253667   22424       2
 9700.953  253422   22504       3
 9706.243  251060   22318       3
 9711.486  252860   22581       2
 9716.788  252267   22735       2
 9722.094  251904   22863       3
 9727.407  251431   22934       2
 9732.776  250897   23087       2
 9738.204  249303   22981       2
 9743.535  246877   22722       3
 9748.923  246635   22663       2
 9754.317  249699   22804       2
 9759.769  248935   22735       2
 9765.227  248457   22760       2
 9770.742  247978   22795       2
 9776.212  247443   22952       2
 9781.793  246628   23194       2
 9787.275  246349   23397       2
 9792.816  245979   23407       2
 9798.416  245252   23329       2
 9804.022  244812   23311       2
 9809.584  244349   23313       2
 9815.254  243404   23372       2
 9820.880  243703   23686       2
 9826.564  243313   23914       2
 9832.308  242312   24057       2
 9837.953  242128   24214       2
 9843.659  241545   24249       2
 9849.422  240961   24299       2
 9855.192  238986   24258       2
 9860.971  238684   24343       2
 9866.755  240617   24668       2
 9872.600  238935   24608       1
 9878.450  239530   24720       2
 9884.310  239082   24775       2
 9890.175  238791   24829       3
 9896.100  238401   24778       3
 9901.980  237985   24731       3
 9907.920  237622   24757       3
 9913.867  237349   24831       2
 9919.876  236928   24911       2
 9925.838  236718   25051       2
 9931.859  236436   25159       2
 9937.890  236220   25262       2
 9943.980  235924   25400       2
 9950.025  235485   25576       2
 9956.132  235033   25692       2
 9962.300  233928   25719       2
 9968.367  234189   25822       2
 9974.497  233370   25803       2
 9980.687  231656   25687       2
 9986.832  233016   26046       3
 9993.038  231941   26091       2
 9999.253  231552   26123       2
10005.530  230752   26192       2
10011.760  230884   26404       2
10018.050  230052   26493       3
10024.350  228805   26501       3
10030.660  229443   26695       2
10037.030  228929   26785       2
10043.360  228478   26899       2
10049.740  228226   26985       2
10056.140  227691   27010       2
10062.540  227130   26944       2
10068.960  226418   26851       2
10075.430  225896   26899       2
10081.920  225084   26942       2
10088.460  224351   27022       2
10094.910  223236   27009       3
10101.420  221480   26927       2
10107.940  223277   27302       2
10114.520  222809   27427       2
10121.110  222385   27530       2
10127.710  221935   27650       2
10134.320  221449   27716       3
10141.050  220621   27743       2
10147.680  220108   27828       3
10154.310  219239   27846       3
10161.010  219132   27900       3
10167.780  218403   27952       2
10174.490  217687   28037       2
10181.280  217159   28154       3
10188.070  216447   28241       3
10194.820  215713   28296       2
10201.630  215214   28377       2
10208.450  214640   28439       2
10215.280  214057   28475       1
10222.170  211418   28214       3
10229.130  212140   28386       2
10235.990  212435   28522       2
10242.860  212087   28601       2
10249.850  211232   28660       2
10256.790  210819   28763       2
10263.800  210446   28816       1
10270.820  209778   28864       2
10277.850  209084   28903       2
10284.890  208556   28945       3
10291.880  208180   29042       2
10299.050  207758   29135       2
10306.120  206889   29134       2
10313.200  206602   29241       2
10320.410  206310   29364       3
10327.500  205936   29488       2
10334.730  205547   29613       3
10341.850  205015   29701       2
10349.090  204730   29812       3
10356.350  204367   29893       3
10363.610  204168   29987       3
10370.890  203911   30098       3
10378.170  203671   30217       3
10385.470  203403   30344       2
10392.780  203140   30464       2
10400.100  202827   30571       2
10407.480  202692   30675       2
10414.820  202572   30758       2
10422.230  202347   30849       2
10429.650  201705   30926       1
10437.140  201193   31036       2
10444.580  200509   31064       2
10452.030  199827   31116       3
10459.550  200627   31398       2
10467.080  200310   31467       2
10474.630  199509   31494       2
10482.180  199979   31714       2
10489.750  199507   31782       3
10497.320  199521   31941       2
10504.970  199232   32047       2
10512.570  198921   32163       3
10520.240  198579   32284       2
10527.920  198013   32364       2
10535.620  196427   32272       3
10543.320  197342   32586       3
10551.040  196842   32669       3
10558.770  196454   32785       3
10566.500  195668   32833       3
10574.320  195276   32937       3
10582.200  194623   32991       3
10589.910  194258   33086       3
10597.760  193241   33061       3
10605.620  193035   33166       3
10613.550  192754   33289       3
10621.430  192257   33371       3
10629.330  191600   33433       3
10637.300  190709   33429       3
10645.210  190027   33454       3
10653.210  188993   33434       3
10661.210  188097   33438       3
10669.230  187643   33533       3
10677.260  186937   33576       2
10685.300  186540   33673       3
10693.350  185749   33688       3
10701.540  184886   33686       3
10709.560  183979   33676       3
10717.710  183057   33679       3
10725.810  182284   33688       4
10733.990  181603   33728       4
10742.240  180559   33704       4
10750.380  179238   33629       3
10758.600  178807   33720       2
10766.830  178039   33754       3
10775.140  177228   33786       3
10783.390  176211   33751       3
10791.720  175315   33752       2
10800.000  174286   33708       3
10808.360  173707   33739       2
10816.730  172966   33743       3
10825.050  171650   33649       3
10833.450  170604   33619       3
10841.860  170219   33690       3
10850.410  169489   33716       3
10858.780  169065   33793       4
10867.230  168253   33791       3
10875.760  166742   33660       3
10884.230  166727   33810       3
10892.850  166076   33856       3
10901.290  165438   33883       3
10909.940  164690   33895       3
10918.470  164088   33928       3
10927.080  163586   33991       3
10935.700  162901   34011       2
10944.400  162470   34080       3
10952.990  161836   34117       2
10961.650  161256   34159       3
10970.400  160859   34249       2
10979.090  160328   34311       2
10987.860  159142   34220       3
10996.650  159290   34428       3
11005.320  158822   34483       3
11014.140  158403   34563       2
11022.970  157851   34612       2
11031.810  157369   34667       3
11040.670  156854   34721       2
11049.540  156260   34751       2
11058.430  154409   34492       3
11067.330  153813   34541       3
11076.250  152415   34376       3
11085.180  153622   34817       2
11094.120  153281   34907       2
11103.150  141096   32249       2
11112.130  152078   34953       3
11121.250  152395   35199       3
11130.190  151824   35230       2
11139.340  151401   35298       3
11148.380  150932   35354       2
11157.430  150490   35419       2
11166.560  150075   35488       2
11175.780  149532   35528       3
11184.870  149029   35571       2
11194.050  148550   35628       2
11203.310  147797   35622       3
11212.450  146844   35539       3
11221.680  147526   35890       3
11230.980  146889   35903       3
11240.170  146509   35974       3
11249.510  146229   36071       3
11258.800  145619   36089       3
11268.170  144914   36086       3
11277.550  144922   36254       3
11286.820  144832   36386       3
11296.240  144472   36470       3
11305.600  144083   36552       3
11315.050  144163   36734       3
11324.520  143710   36791       3
11333.930  143106   36790       2
11343.430  141848   36645       3
11352.940  145327   37700       2
11362.470  143729   37473       2
