# Copper example                                                 Feff 8.50L  
# POT  SCF  30  4.0000   0, core-hole, AFOLP (folp(0)= 1.150)
# Abs   Z=29 Rmt= 1.449 Rnm= 1.502 K  shell
# Pot 1 Z=29 Rmt= 1.354 Rnm= 1.391
# Gam_ch=1.729E+00 H-L exch
# Mu=-7.964E+00 kf=1.982E+00 Vint=-1.706E+01 Rs_int= 1.830
# PATH  Rmax= 5.200,  Keep_limit= 0.00, Heap_limit 0.00  Pwcrit= 2.50%
#  S02=0.950                                        Global_sig2= 0.00000
#  Curved wave amplitude ratio filter   4.000%
#     file         sig2 tot  cw amp ratio   deg  nlegs   reff  inp sig2
#           1       0.00000    100.00     12.00     2   2.5527
#           2       0.00000     22.76      6.00     2   3.6100
#           3       0.00000     10.17     48.00     3   3.8290
#           4       0.00000      7.08     48.00     3   4.3577
#           5       0.00000     54.83     24.00     2   4.4213
#           6       0.00000     10.81     48.00     3   4.7633
#           7       0.00000     16.60     96.00     3   4.7633
#           8       0.00000     18.70     12.00     2   5.1053
#           9       0.00000      8.30     12.00     3   5.1053
#          10       0.00000     41.38     24.00     3   5.1053
#          11       0.00000      9.43     12.00     4   5.1053
#          14       0.00000     33.79     12.00     4   5.1053
#    12/  13 paths used
#  -----------------------------------------------------------------------
#       k          chi          mag           phase @#
     0.0000   -2.550338E-01  2.976374E-01 -2.112444E+00
     0.0500   -2.559418E-01  2.979982E-01 -2.108533E+00
     0.1000   -2.568495E-01  2.983574E-01 -2.104598E+00
     0.1500   -2.596285E-01  2.994376E-01 -2.092334E+00
     0.2000   -2.623943E-01  3.004999E-01 -2.079878E+00
     0.2500   -2.670857E-01  3.022299E-01 -2.057847E+00
     0.3000   -2.716854E-01  3.038950E-01 -2.035374E+00
     0.3500   -2.780787E-01  3.060641E-01 -2.001760E+00
     0.4000   -2.841510E-01  3.080779E-01 -1.967512E+00
     0.4500   -2.914727E-01  3.102848E-01 -1.920800E+00
     0.5000   -2.980202E-01  3.122103E-01 -1.873447E+00
     0.5500   -3.047424E-01  3.139048E-01 -1.813001E+00
     0.6000   -3.100170E-01  3.151854E-01 -1.752142E+00
     0.6500   -3.139558E-01  3.157810E-01 -1.678368E+00
     0.7000   -3.156825E-01  3.158633E-01 -1.604626E+00
     0.7500   -3.144740E-01  3.148970E-01 -1.518959E+00
     0.8000   -3.104628E-01  3.133939E-01 -1.433921E+00
     0.8500   -3.022623E-01  3.106269E-01 -1.338203E+00
     0.9000   -2.911217E-01  3.074168E-01 -1.243744E+00
     0.9500   -2.754321E-01  3.030069E-01 -1.140870E+00
     1.0000   -2.572847E-01  2.983521E-01 -1.039898E+00
     1.0500   -2.349558E-01  2.927004E-01 -9.318385E-01
     1.1000   -2.110900E-01  2.871063E-01 -8.260102E-01
     1.1500   -1.839766E-01  2.808539E-01 -7.142641E-01
     1.2000   -1.562904E-01  2.749745E-01 -6.045372E-01
     1.2500   -1.262777E-01  2.687709E-01 -4.891027E-01
     1.3000   -9.632127E-02  2.631364E-01 -3.747616E-01
     1.3500   -6.468896E-02  2.573569E-01 -2.540840E-01
     1.4000   -3.344733E-02  2.520978E-01 -1.330684E-01
     1.4500   -1.150576E-03  2.465965E-01 -4.665840E-03
     1.5000    3.017121E-02  2.412902E-01  1.253693E-01
     1.5500    6.138056E-02  2.354956E-01  2.636894E-01
     1.6000    9.020059E-02  2.293545E-01  4.041967E-01
     1.6500    1.168947E-01  2.226845E-01  5.526379E-01
     1.7000    1.386893E-01  2.145684E-01  7.028098E-01
     1.7500    1.568555E-01  2.074977E-01  8.570870E-01
     1.8000    1.664275E-01  1.958451E-01  1.015590E+00
     1.8500    1.706729E-01  1.849719E-01  1.175017E+00
     1.9000    1.679965E-01  1.729843E-01  1.330073E+00
     1.9500    1.598172E-01  1.604231E-01  1.483852E+00
     2.0000    1.476511E-01  1.478829E-01  1.626794E+00
     2.0500    1.325658E-01  1.351401E-01  1.766292E+00
     2.1000    1.176098E-01  1.237655E-01  1.887514E+00
     2.1500    1.045747E-01  1.145016E-01  1.990270E+00
     2.2000    9.430941E-02  1.079458E-01  2.078890E+00
     2.2500    8.738132E-02  1.046921E-01  2.154094E+00
     2.3000    8.159302E-02  1.046376E-01  2.247298E+00
     2.3500    7.414170E-02  1.063347E-01  2.370041E+00
     2.4000    6.256393E-02  1.082241E-01  2.525199E+00
     2.4500    4.688939E-02  1.104214E-01  2.703028E+00
     2.5000    2.610364E-02  1.112171E-01  2.904674E+00
     2.5500    1.564086E-03  1.099219E-01  3.127363E+00
     2.6000   -2.391202E-02  1.060605E-01  3.369004E+00
     2.6500   -4.611612E-02  1.044467E-01  3.598893E+00
     2.7000   -6.519221E-02  1.015913E-01  3.838319E+00
     2.7500   -7.893349E-02  9.739354E-02  4.086528E+00
     2.8000   -8.562104E-02  9.180890E-02  4.343145E+00
     2.8500   -8.794221E-02  8.820503E-02  4.635174E+00
     2.9000   -8.172365E-02  8.377181E-02  4.933972E+00
     2.9500   -6.790169E-02  7.857978E-02  5.239803E+00
     3.0000   -4.846562E-02  7.272220E-02  5.553750E+00
     3.0500   -2.530479E-02  7.031447E-02  5.915046E+00
     3.1000   -1.851325E-04  6.774703E-02  6.280453E+00
     3.1500    2.333577E-02  6.493351E-02  6.650788E+00
     3.2000    4.179061E-02  6.181635E-02  7.025567E+00
     3.2500    5.780716E-02  6.405366E-02  7.408679E+00
     3.3000    6.570282E-02  6.586450E-02  7.783898E+00
     3.3500    6.424138E-02  6.720197E-02  8.151916E+00
     3.4000    5.378530E-02  6.804347E-02  8.513227E+00
     3.4500    3.904788E-02  7.143864E-02  8.846487E+00
     3.5000    1.841883E-02  7.380300E-02  9.172544E+00
     3.5500   -4.920137E-03  7.521470E-02  9.490239E+00
     3.6000   -2.767945E-02  7.580894E-02  9.798541E+00
     3.6500   -4.728594E-02  7.674941E-02  1.008857E+01
     3.7000   -6.204987E-02  7.644195E-02  1.037188E+01
     3.7500   -7.042870E-02  7.497960E-02  1.064538E+01
     3.8000   -7.225744E-02  7.255175E-02  1.090547E+01
     3.8500   -6.890603E-02  6.981507E-02  1.115712E+01
     3.9000   -6.106365E-02  6.625633E-02  1.139412E+01
     3.9500   -5.072390E-02  6.214488E-02  1.161153E+01
     4.0000   -3.997922E-02  5.786165E-02  1.180358E+01
     4.0500   -2.968262E-02  5.356087E-02  1.197899E+01
     4.1000   -2.134554E-02  4.974715E-02  1.212290E+01
     4.1500   -1.534540E-02  4.700247E-02  1.223379E+01
     4.2000   -1.124566E-02  4.591118E-02  1.231891E+01
     4.2500   -7.348159E-03  4.603673E-02  1.240607E+01
     4.3000   -3.268119E-03  4.792601E-02  1.249813E+01
     4.3500    2.211844E-03  5.138336E-02  1.260943E+01
     4.4000    1.004248E-02  5.602449E-02  1.274660E+01
     4.4500    2.017873E-02  6.057771E-02  1.290597E+01
     4.5000    3.239512E-02  6.551755E-02  1.308357E+01
     4.5500    4.598602E-02  7.058350E-02  1.327595E+01
     4.6000    5.981153E-02  7.557188E-02  1.347955E+01
     4.6500    7.176804E-02  7.970645E-02  1.368707E+01
     4.7000    8.128808E-02  8.364601E-02  1.389916E+01
     4.7500    8.733830E-02  8.736118E-02  1.411428E+01
     4.8000    8.914245E-02  9.084775E-02  1.433123E+01
     4.8500    8.614856E-02  9.381746E-02  1.454431E+01
     4.9000    7.867538E-02  9.674061E-02  1.475823E+01
     4.9500    6.681437E-02  9.964448E-02  1.497304E+01
     5.0000    5.086510E-02  1.025440E-01  1.518894E+01
     5.0500    3.156212E-02  1.054616E-01  1.540403E+01
     5.1000    9.334547E-03  1.084299E-01  1.562177E+01
     5.1500   -1.493108E-02  1.113726E-01  1.584243E+01
     5.2000   -4.002443E-02  1.141916E-01  1.606607E+01
     5.2500   -6.453345E-02  1.168040E-01  1.629332E+01
     5.3000   -8.670391E-02  1.190493E-01  1.652380E+01
     5.3500   -1.046978E-01  1.207844E-01  1.675674E+01
     5.4000   -1.168752E-01  1.218838E-01  1.699109E+01
     5.4500   -1.219086E-01  1.220742E-01  1.722668E+01
     5.5000   -1.194190E-01  1.214345E-01  1.746121E+01
     5.5500   -1.098145E-01  1.199499E-01  1.769280E+01
     5.6000   -9.434739E-02  1.176713E-01  1.791928E+01
     5.6500   -7.463954E-02  1.145343E-01  1.813976E+01
     5.7000   -5.315152E-02  1.109326E-01  1.834989E+01
     5.7500   -3.196375E-02  1.072129E-01  1.854682E+01
     5.8000   -1.256499E-02  1.038480E-01  1.872826E+01
     5.8500    4.521000E-03  1.011966E-01  1.889425E+01
     5.9000    1.953819E-02  1.001548E-01  1.904589E+01
     5.9500    3.375656E-02  1.013180E-01  1.918922E+01
     6.0000    4.887297E-02  1.050734E-01  1.933334E+01
     6.0500    6.638345E-02  1.112471E-01  1.948896E+01
     6.1000    8.701086E-02  1.198163E-01  1.966234E+01
     6.1500    1.101179E-01  1.302888E-01  1.985646E+01
     6.2000    1.335098E-01  1.420868E-01  2.007112E+01
     6.2500    1.535917E-01  1.546322E-01  2.030428E+01
     6.3000    1.659115E-01  1.673883E-01  2.055328E+01
     6.3500    1.660100E-01  1.798726E-01  2.081552E+01
     6.4000    1.504224E-01  1.916568E-01  2.108869E+01
     6.4500    1.176250E-01  2.023629E-01  2.137088E+01
     6.5000    6.871028E-02  2.116589E-01  2.166053E+01
     6.5500    6.983124E-03  2.185012E-01  2.195918E+01
     6.6000   -5.995126E-02  2.233101E-01  2.226295E+01
     6.6500   -1.237863E-01  2.259131E-01  2.257105E+01
     6.7000   -1.760031E-01  2.261819E-01  2.288286E+01
     6.7500   -2.093513E-01  2.240316E-01  2.319792E+01
     6.8000   -2.191873E-01  2.194202E-01  2.351587E+01
     6.8500   -2.043986E-01  2.123481E-01  2.383643E+01
     6.9000   -1.677099E-01  2.028575E-01  2.415946E+01
     6.9500   -1.152849E-01  1.910310E-01  2.448487E+01
     7.0000   -5.567538E-02  1.769905E-01  2.481274E+01
     7.0500    1.845781E-03  1.605181E-01  2.514424E+01
     7.1000    4.820995E-02  1.422800E-01  2.547842E+01
     7.1500    7.736137E-02  1.225201E-01  2.581612E+01
     7.2000    8.682999E-02  1.015091E-01  2.615905E+01
     7.2500    7.807657E-02  7.954593E-02  2.651103E+01
     7.3000    5.606306E-02  5.697056E-02  2.688227E+01
     7.3500    2.813699E-02  3.424731E-02  2.731015E+01
     7.4000    2.456988E-03  1.298145E-02  2.808392E+01
     7.4500   -1.372026E-02  1.530083E-02  3.030367E+01
     7.5000   -1.554435E-02  3.625398E-02  3.097280E+01
     7.5500   -1.366534E-03  5.719170E-02  3.139203E+01
     7.6000    2.615884E-02  7.712442E-02  3.176197E+01
     7.6500    6.149836E-02  9.566094E-02  3.211418E+01
     7.7000    9.715456E-02  1.125338E-01  3.245777E+01
     7.7500    1.252229E-01  1.275287E-01  3.279627E+01
     7.8000    1.390080E-01  1.404724E-01  3.313124E+01
     7.8500    1.343706E-01  1.512297E-01  3.346341E+01
     7.9000    1.105361E-01  1.597044E-01  3.379308E+01
     7.9500    7.021870E-02  1.658401E-01  3.412031E+01
     8.0000    1.905218E-02  1.696209E-01  3.444496E+01
     8.0500   -3.562548E-02  1.708105E-01  3.476763E+01
     8.1000   -8.572118E-02  1.697698E-01  3.508682E+01
     8.1500   -1.245616E-01  1.666223E-01  3.540191E+01
     8.2000   -1.477420E-01  1.615326E-01  3.571210E+01
     8.2500   -1.537379E-01  1.547077E-01  3.601629E+01
     8.3000   -1.439083E-01  1.463984E-01  3.631302E+01
     8.3500   -1.219307E-01  1.369023E-01  3.660036E+01
     8.4000   -9.282759E-02  1.265700E-01  3.687579E+01
     8.4500   -6.182083E-02  1.158144E-01  3.713603E+01
     8.5000   -3.327250E-02  1.051230E-01  3.737706E+01
     8.5500   -9.965238E-03  9.511748E-02  3.759415E+01
     8.6000    7.352813E-03  8.646513E-02  3.778425E+01
     8.6500    1.961656E-02  7.983292E-02  3.794737E+01
     8.7000    2.886665E-02  7.576748E-02  3.808998E+01
     8.7500    3.743910E-02  7.449212E-02  3.822571E+01
     8.8000    4.715837E-02  7.577288E-02  3.837087E+01
     8.8500    5.873579E-02  7.899008E-02  3.853753E+01
     8.9000    7.151469E-02  8.336176E-02  3.873025E+01
     8.9500    8.361267E-02  8.814582E-02  3.894781E+01
     9.0000    9.241156E-02  9.273575E-02  3.918627E+01
     9.0500    9.526308E-02  9.671287E-02  3.944328E+01
     9.1000    9.006426E-02  9.966164E-02  3.971237E+01
     9.1500    7.620832E-02  1.013754E-01  3.999000E+01
     9.2000    5.468279E-02  1.017337E-01  4.027322E+01
     9.2500    2.794312E-02  1.006872E-01  4.055949E+01
     9.3000   -5.632556E-04  9.824725E-02  4.084644E+01
     9.3500   -2.710568E-02  9.447999E-02  4.113169E+01
     9.4000   -4.844089E-02  8.950399E-02  4.141259E+01
     9.4500   -6.246151E-02  8.349165E-02  4.168592E+01
     9.5000   -6.857057E-02  7.667579E-02  4.194755E+01
     9.5500   -6.757252E-02  6.922985E-02  4.219225E+01
     9.6000   -6.170975E-02  6.170977E-02  4.241061E+01
     9.6500   -5.380648E-02  5.470500E-02  4.259299E+01
     9.7000   -4.650555E-02  4.898223E-02  4.273086E+01
     9.7500   -4.158802E-02  4.541878E-02  4.282516E+01
     9.8000   -3.954347E-02  4.470509E-02  4.289679E+01
     9.8500   -3.949323E-02  4.691716E-02  4.298175E+01
     9.9000   -3.948051E-02  5.144657E-02  4.310751E+01
     9.9500   -3.705171E-02  5.739617E-02  4.328056E+01
    10.0000   -2.998284E-02  6.395218E-02  4.349433E+01
    10.0500   -1.714802E-02  7.079512E-02  4.373764E+01
    10.1000    1.765558E-03  7.728098E-02  4.400515E+01
    10.1500    2.519517E-02  8.306028E-02  4.429049E+01
    10.2000    5.011402E-02  8.787573E-02  4.458915E+01
    10.2500    7.258585E-02  9.153801E-02  4.489795E+01
    10.3000    8.858413E-02  9.391094E-02  4.521467E+01
    10.3500    9.489146E-02  9.490263E-02  4.553775E+01
    10.4000    8.986967E-02  9.445991E-02  4.586612E+01
    10.4500    7.391461E-02  9.256465E-02  4.619906E+01
    10.5000    4.947780E-02  8.923095E-02  4.653614E+01
    10.5500    2.063450E-02  8.450286E-02  4.687721E+01
    10.6000   -7.718317E-03  7.845232E-02  4.722243E+01
    10.6500   -3.086349E-02  7.117726E-02  4.757239E+01
    10.7000   -4.524518E-02  6.280020E-02  4.792836E+01
    10.7500   -4.921088E-02  5.346817E-02  4.829293E+01
    10.8000   -4.334505E-02  4.335654E-02  4.867166E+01
    10.8500   -3.031491E-02  3.268696E-02  4.907800E+01
    10.9000   -1.425756E-02  2.181022E-02  4.955301E+01
    10.9500    1.594945E-04  1.176589E-02  5.027904E+01
    11.0000    8.798090E-03  8.798747E-03  5.182405E+01
    11.0500    9.136427E-03  1.730840E-02  5.285100E+01
    11.1000    3.828750E-04  2.819336E-02  5.339349E+01
    11.1500   -1.591555E-02  3.924955E-02  5.382460E+01
    11.2000   -3.623248E-02  4.999168E-02  5.421778E+01
    11.2500   -5.579615E-02  6.017555E-02  5.459400E+01
    11.3000   -6.961371E-02  6.962324E-02  5.496132E+01
    11.3500   -7.356636E-02  7.818886E-02  5.532345E+01
    11.4000   -6.533925E-02  8.574975E-02  5.568231E+01
    11.4500   -4.498449E-02  9.220433E-02  5.603901E+01
    11.5000   -1.499436E-02  9.747167E-02  5.639422E+01
    11.5500    2.013379E-02  1.014917E-01  5.674837E+01
    11.6000    5.475047E-02  1.042255E-01  5.710174E+01
    11.6500    8.314663E-02  1.056551E-01  5.745454E+01
    11.7000    1.006579E-01  1.057837E-01  5.780689E+01
    11.7500    1.045530E-01  1.046343E-01  5.815890E+01
    11.8000    9.452566E-02  1.022500E-01  5.851065E+01
    11.8500    7.269858E-02  9.869187E-02  5.886220E+01
    11.9000    4.314701E-02  9.403801E-02  5.921359E+01
    11.9500    1.105382E-02  8.838187E-02  5.956486E+01
    12.0000   -1.832113E-02  8.183028E-02  5.991607E+01
    12.0500   -4.084878E-02  7.482170E-02  6.026778E+01
    12.1000   -5.377123E-02  6.712125E-02  6.061940E+01
    12.1500   -5.639510E-02  5.885424E-02  6.097096E+01
    12.2000   -5.005741E-02  5.015210E-02  6.132252E+01
    12.2500   -3.768841E-02  4.115021E-02  6.167417E+01
    12.3000   -2.307159E-02  3.198561E-02  6.202616E+01
    12.3500   -9.971977E-03  2.279485E-02  6.237907E+01
    12.4000   -1.324767E-03  1.371191E-02  6.273509E+01
    12.4500    1.344909E-03  4.867487E-03  6.311180E+01
    12.5000   -1.842306E-03  3.631007E-03  6.022240E+01
    12.5500   -9.262429E-03  1.164378E-02  6.061006E+01
    12.6000   -1.825845E-02  1.908460E-02  6.096574E+01
    12.6500   -2.581880E-02  2.585926E-02  6.131701E+01
    12.7000   -2.930378E-02  3.188906E-02  6.166650E+01
    12.7500   -2.705649E-02  3.710948E-02  6.201485E+01
    12.8000   -1.876724E-02  4.147078E-02  6.236224E+01
    12.8500   -5.521099E-03  4.493848E-02  6.270868E+01
    12.9000    1.046863E-02  4.749357E-02  6.305410E+01
    12.9500    2.636842E-02  4.913251E-02  6.339835E+01
    13.0000    3.935096E-02  4.986698E-02  6.374123E+01
    13.0500    4.732976E-02  4.984790E-02  6.408344E+01
    13.1000    4.898030E-02  4.899075E-02  6.442331E+01
    13.1500    4.434877E-02  4.734387E-02  6.476026E+01
    13.2000    3.465922E-02  4.496881E-02  6.509345E+01
    13.2500    2.198513E-02  4.193999E-02  6.542167E+01
    13.3000    8.754984E-03  3.834463E-02  6.574309E+01
    13.3500   -2.788457E-03  3.428377E-02  6.605487E+01
    13.4000   -1.105071E-02  2.987546E-02  6.635234E+01
    13.4500   -1.536919E-02  2.526329E-02  6.662744E+01
    13.5000   -1.606330E-02  2.063769E-02  6.686548E+01
    13.5500   -1.425283E-02  1.628950E-02  6.703882E+01
    13.6000   -1.150045E-02  1.273360E-02  6.710052E+01
    13.6500   -9.372544E-03  1.084535E-02  6.701700E+01
    13.7000   -9.027396E-03  1.135623E-02  6.689234E+01
    13.7500   -1.092865E-02  1.377176E-02  6.689008E+01
    13.8000   -1.474776E-02  1.703454E-02  6.702011E+01
    13.8500   -1.947152E-02  2.046420E-02  6.723149E+01
    13.9000   -2.368081E-02  2.371769E-02  6.748847E+01
    13.9500   -2.592685E-02  2.661213E-02  6.777167E+01
    14.0000   -2.510979E-02  2.903990E-02  6.807056E+01
    14.0500   -2.080488E-02  3.105349E-02  6.838087E+01
    14.1000   -1.319267E-02  3.249649E-02  6.869700E+01
    14.1500   -3.287070E-03  3.334246E-02  6.901629E+01
    14.2000    7.384211E-03  3.358163E-02  6.933674E+01
    14.2500    1.712256E-02  3.321942E-02  6.965656E+01
    14.3000    2.443719E-02  3.227601E-02  6.997395E+01
    14.3500    2.836803E-02  3.078642E-02  7.028683E+01
    14.4000    2.867620E-02  2.880164E-02  7.059247E+01
    14.4500    2.585885E-02  2.639121E-02  7.088703E+01
    14.5000    2.098868E-02  2.364892E-02  7.116472E+01
    14.5500    1.542087E-02  2.070471E-02  7.141640E+01
    14.6000    1.044232E-02  1.774898E-02  7.162763E+01
    14.6500    6.950985E-03  1.507740E-02  7.177749E+01
    14.7000    5.244760E-03  1.314339E-02  7.184616E+01
    14.7500    4.971942E-03  1.249394E-02  7.184735E+01
    14.8000    5.254596E-03  1.339908E-02  7.185365E+01
    14.8500    4.953505E-03  1.557070E-02  7.193287E+01
    14.9000    3.007894E-03  1.848042E-02  7.209314E+01
    14.9500   -1.235887E-03  2.170312E-02  7.231361E+01
    15.0000   -7.790781E-03  2.496337E-02  7.257402E+01
    15.0500   -1.599208E-02  2.814578E-02  7.286093E+01
    15.1000   -2.452478E-02  3.108902E-02  7.316558E+01
    15.1500   -3.172132E-02  3.370398E-02  7.348272E+01
    15.2000   -3.591703E-02  3.592312E-02  7.380902E+01
    15.2500   -3.584161E-02  3.769502E-02  7.414231E+01
    15.3000   -3.094440E-02  3.898170E-02  7.448116E+01
    15.3500   -2.157473E-02  3.975713E-02  7.482462E+01
    15.4000   -8.969896E-03  4.000641E-02  7.517209E+01
    15.4500    4.953288E-03  3.972519E-02  7.552324E+01
    15.5000    1.796280E-02  3.891929E-02  7.587795E+01
    15.5500    2.795465E-02  3.760430E-02  7.623635E+01
    15.6000    3.337909E-02  3.580522E-02  7.659878E+01
    15.6500    3.355608E-02  3.355624E-02  7.696594E+01
    15.7000    2.881001E-02  3.090062E-02  7.733897E+01
    15.7500    2.039280E-02  2.789101E-02  7.771979E+01
    15.8000    1.021159E-02  2.459082E-02  7.811159E+01
    15.8500    4.196683E-04  2.107782E-02  7.851990E+01
    15.9000   -7.040002E-03  1.745353E-02  7.895500E+01
    15.9500   -1.083962E-02  1.386804E-02  7.943708E+01
    16.0000   -1.053225E-02  1.058855E-02  8.000744E+01
    16.0500   -6.633992E-03  8.178032E-03  8.073521E+01
    16.1000   -4.397168E-04  7.542667E-03  8.162308E+01
    16.1500    6.238444E-03  8.994902E-03  8.244782E+01
    16.2000    1.149864E-02  1.165132E-02  8.309014E+01
    16.2500    1.377818E-02  1.471633E-02  8.361120E+01
    16.3000    1.220212E-02  1.780920E-02  8.406818E+01
    16.3500    6.776848E-03  2.074683E-02  8.449025E+01
    16.4000   -1.611043E-03  2.342605E-02  8.489183E+01
    16.4500   -1.138721E-02  2.578041E-02  8.528049E+01
    16.5000   -2.062819E-02  2.776405E-02  8.566052E+01
    16.5500   -2.747050E-02  2.934500E-02  8.603444E+01
    16.6000   -3.050064E-02  3.050218E-02  8.640385E+01
    16.6500   -2.904296E-02  3.122391E-02  8.676977E+01
    16.7000   -2.328657E-02  3.150699E-02  8.713287E+01
    16.7500   -1.422875E-02  3.135612E-02  8.749359E+01
    16.8000   -3.452702E-03  3.078331E-02  8.785220E+01
    16.8500    7.207512E-03  2.980736E-02  8.820882E+01
    16.9000    1.603963E-02  2.845330E-02  8.856347E+01
    16.9500    2.178309E-02  2.675180E-02  8.891606E+01
    17.0000    2.384829E-02  2.473844E-02  8.926632E+01
    17.0500    2.239728E-02  2.246780E-02  8.961464E+01
    17.1000    1.819748E-02  1.996168E-02  8.995898E+01
    17.1500    1.248772E-02  1.726696E-02  9.029774E+01
    17.2000    6.641669E-03  1.443388E-02  9.062803E+01
    17.2500    1.859945E-03  1.151697E-02  9.094398E+01
    17.3000   -1.076127E-03  8.579620E-03  9.123195E+01
    17.3500   -1.938439E-03  5.714407E-03  9.145227E+01
    17.4000   -1.050830E-03  3.167233E-03  9.144438E+01
    17.4500    8.383920E-04  2.215327E-03  9.071807E+01
    17.5000    2.773221E-03  3.935395E-03  9.032421E+01
    17.5500    3.840925E-03  6.260281E-03  9.044565E+01
    17.6000    3.397537E-03  8.536662E-03  9.069686E+01
    17.6500    1.217410E-03  1.063333E-02  9.099145E+01
    17.7000   -2.463293E-03  1.249875E-02  9.130457E+01
    17.7500   -7.013237E-03  1.410416E-02  9.162661E+01
    17.8000   -1.156120E-02  1.543207E-02  9.195299E+01
    17.8500   -1.519939E-02  1.647310E-02  9.228116E+01
    17.9000   -1.718557E-02  1.722482E-02  9.260946E+01
    17.9500   -1.709809E-02  1.769124E-02  9.293666E+01
    18.0000   -1.491154E-02  1.788247E-02  9.326171E+01
    18.0500   -1.097612E-02  1.785102E-02  9.358555E+01
    18.1000   -5.904611E-03  1.757541E-02  9.390516E+01
    18.1500   -4.869584E-04  1.708155E-02  9.421927E+01
    18.2000    4.511139E-03  1.640119E-02  9.452642E+01
    18.2500    8.495836E-03  1.557195E-02  9.482487E+01
    18.3000    1.113819E-02  1.463736E-02  9.511254E+01
    18.3500    1.239620E-02  1.364689E-02  9.538711E+01
    18.4000    1.246799E-02  1.265571E-02  9.564613E+01
    18.4500    1.169541E-02  1.172330E-02  9.588757E+01
    18.5000    1.044782E-02  1.091004E-02  9.611070E+01
    18.5500    9.018910E-03  1.027009E-02  9.631734E+01
    18.6000    7.562922E-03  9.840581E-03  9.651281E+01
    18.6500    6.084343E-03  9.630461E-03  9.670552E+01
    18.7000    4.479160E-03  9.615535E-03  9.690481E+01
    18.7500    2.611491E-03  9.744184E-03  9.711805E+01
    18.8000    3.998486E-04  9.950605E-03  9.734918E+01
    18.8500   -2.114793E-03  1.016814E-02  9.759888E+01
    18.9000   -4.741231E-03  1.033782E-02  9.786582E+01
    18.9500   -7.160862E-03  1.041191E-02  9.814777E+01
    19.0000   -8.996686E-03  1.035425E-02  9.844232E+01
    19.0500   -9.930844E-03  1.015948E-02  9.874762E+01
    19.1000   -9.740179E-03  9.790581E-03  9.906168E+01
    19.1500   -8.424090E-03  9.237656E-03  9.938300E+01
    19.2000   -6.216582E-03  8.497813E-03  9.971037E+01
    19.2500   -3.552038E-03  7.574304E-03  1.000429E+02
    19.3000   -9.753250E-04  6.475753E-03  1.003798E+02
    19.3500    9.840580E-04  5.215471E-03  1.007208E+02
    19.4000    1.943357E-03  3.810825E-03  1.010661E+02
    19.4500    1.769808E-03  2.282658E-03  1.014182E+02
    19.5000    6.274120E-04  6.552420E-04  1.018093E+02
    19.5500   -1.048232E-03  1.049206E-03  9.891709E+01
    19.6000   -2.645176E-03  2.797821E-03  9.929202E+01
    19.6500   -3.520886E-03  4.564937E-03  9.965010E+01
    19.7000   -3.165415E-03  6.321255E-03  1.000065E+02
    19.7500   -1.342870E-03  8.037856E-03  1.003631E+02
    19.8000    1.824536E-03  9.686505E-03  1.007205E+02
    19.8500    5.853366E-03  1.124016E-02  1.010787E+02
    19.9000    9.981957E-03  1.267344E-02  1.014379E+02
    19.9500    1.332444E-02  1.396309E-02  1.017981E+02
    20.0000    1.506330E-02  1.508839E-02  1.021594E+02
