 Copper example                                                   Feff 8.50L
 POT  SCF  30  4.0000   0, core-hole, AFOLP (folp(0)= 1.150)
 Abs   Z=29 Rmt= 1.449 Rnm= 1.502 K  shell
 Pot 1 Z=29 Rmt= 1.354 Rnm= 1.391
 Gam_ch=1.729E+00 H-L exch
 Mu=-7.964E+00 kf=1.982E+00 Vint=-1.706E+01 Rs_int= 1.830
 PATH  Rmax= 5.200,  Keep_limit= 0.00, Heap_limit 0.00  Pwcrit= 2.50%
 Path    5      icalc       2
 -----------------------------------------------------------------------
   2  24.000   4.4213    2.6317   -7.96446 nleg, deg, reff, rnrmav(bohr), edge
        x         y         z   pot at#
    -0.0000   -0.0000   -0.0000  0  29 Cu       absorbing atom
     1.8050   -1.8050   -3.6100  1  29 Cu    
    k   real[2*phc]   mag[feff]  phase[feff] red factor   lambda     real[p]@#
 -0.000  3.8237E+00  2.0137E-05 -1.1051E+00  9.628E-01  1.3636E+01  1.5471E+00
  0.100  3.8253E+00  4.4159E-02 -1.9650E+00  9.632E-01  1.3663E+01  1.5502E+00
  0.200  3.8299E+00  8.7465E-02 -2.7754E+00  9.642E-01  1.3743E+01  1.5595E+00
  0.300  3.8374E+00  1.2920E-01 -3.5376E+00  9.658E-01  1.3871E+01  1.5748E+00
  0.400  3.8473E+00  1.6885E-01 -4.2529E+00  9.680E-01  1.4040E+01  1.5959E+00
  0.500  3.8590E+00  2.0617E-01 -4.9231E+00  9.709E-01  1.4239E+01  1.6227E+00
  0.600  3.8718E+00  2.4107E-01 -5.5498E+00  9.742E-01  1.4455E+01  1.6549E+00
  0.700  3.8850E+00  2.7359E-01 -6.1349E+00  9.781E-01  1.4674E+01  1.6923E+00
  0.800  3.8976E+00  3.0379E-01 -6.6801E+00  9.823E-01  1.4880E+01  1.7344E+00
  0.900  3.9088E+00  3.3171E-01 -7.1873E+00  9.870E-01  1.5054E+01  1.7811E+00
  1.000  3.9178E+00  3.5730E-01 -7.6581E+00  9.920E-01  1.5183E+01  1.8322E+00
  1.100  3.9235E+00  3.8047E-01 -8.0943E+00  9.974E-01  1.5253E+01  1.8872E+00
  1.200  3.9254E+00  4.0104E-01 -8.4974E+00  1.003E+00  1.5255E+01  1.9460E+00
  1.300  3.9227E+00  4.1882E-01 -8.8690E+00  1.009E+00  1.5184E+01  2.0085E+00
  1.400  3.9147E+00  4.3357E-01 -9.2101E+00  1.016E+00  1.5041E+01  2.0745E+00
  1.500  3.9010E+00  4.4506E-01 -9.5219E+00  1.022E+00  1.4832E+01  2.1438E+00
  1.600  3.8812E+00  4.5305E-01 -9.8049E+00  1.029E+00  1.4569E+01  2.2163E+00
  1.700  3.8548E+00  4.5735E-01 -1.0059E+01  1.037E+00  1.4266E+01  2.2921E+00
  1.800  3.8216E+00  4.5778E-01 -1.0285E+01  1.044E+00  1.3940E+01  2.3711E+00
  1.900  3.7812E+00  4.5421E-01 -1.0482E+01  1.051E+00  1.3613E+01  2.4534E+00
  2.000  3.7334E+00  4.4656E-01 -1.0648E+01  1.058E+00  1.3303E+01  2.5390E+00
  2.200  3.6157E+00  4.1857E-01 -1.0880E+01  1.069E+00  1.2825E+01  2.7207E+00
  2.400  3.4252E+00  3.6683E-01 -1.0883E+01  1.100E+00  1.1075E+01  2.9342E+00
  2.600  3.3445E+00  3.6431E-01 -1.1211E+01  1.265E+00  6.6670E+00  3.1074E+00
  2.800  3.3374E+00  3.4510E-01 -1.1700E+01  1.306E+00  5.8165E+00  3.2478E+00
  3.000  3.2954E+00  3.1231E-01 -1.2063E+01  1.314E+00  5.4221E+00  3.3979E+00
  3.200  3.2347E+00  2.7319E-01 -1.2310E+01  1.307E+00  5.2594E+00  3.5546E+00
  3.400  3.1623E+00  2.4205E-01 -1.2420E+01  1.291E+00  5.2208E+00  3.7165E+00
  3.600  3.0828E+00  2.2827E-01 -1.2412E+01  1.270E+00  5.2597E+00  3.8829E+00
  3.800  2.9967E+00  2.4143E-01 -1.2346E+01  1.248E+00  5.3517E+00  4.0535E+00
  4.000  2.9062E+00  2.7807E-01 -1.2301E+01  1.228E+00  5.4829E+00  4.2275E+00
  4.200  2.8131E+00  3.2904E-01 -1.2304E+01  1.208E+00  5.6447E+00  4.4047E+00
  4.400  2.7168E+00  3.8645E-01 -1.2341E+01  1.187E+00  5.8311E+00  4.5846E+00
  4.600  2.6183E+00  4.4519E-01 -1.2400E+01  1.169E+00  6.0382E+00  4.7669E+00
  4.800  2.5179E+00  5.0066E-01 -1.2465E+01  1.153E+00  6.2630E+00  4.9512E+00
  5.000  2.4159E+00  5.5381E-01 -1.2536E+01  1.134E+00  6.5034E+00  5.1372E+00
  5.200  2.3128E+00  6.0293E-01 -1.2608E+01  1.118E+00  6.7577E+00  5.3249E+00
  5.400  2.2095E+00  6.4714E-01 -1.2677E+01  1.104E+00  7.0244E+00  5.5138E+00
  5.600  2.1070E+00  6.8700E-01 -1.2744E+01  1.089E+00  7.3027E+00  5.7040E+00
  5.800  2.0057E+00  7.2169E-01 -1.2809E+01  1.076E+00  7.5916E+00  5.8952E+00
  6.000  1.9060E+00  7.5077E-01 -1.2870E+01  1.064E+00  7.8904E+00  6.0873E+00
  6.500  1.6663E+00  7.9640E-01 -1.3008E+01  1.039E+00  8.6771E+00  6.5707E+00
  7.000  1.4380E+00  8.0669E-01 -1.3131E+01  1.021E+00  9.5151E+00  7.0579E+00
  7.500  1.2185E+00  7.9335E-01 -1.3241E+01  1.006E+00  1.0399E+01  7.5477E+00
  8.000  1.0019E+00  7.6477E-01 -1.3345E+01  9.929E-01  1.1326E+01  8.0396E+00
  8.500  7.9783E-01  7.2482E-01 -1.3445E+01  9.821E-01  1.2293E+01  8.5330E+00
  9.000  6.0575E-01  6.7596E-01 -1.3544E+01  9.733E-01  1.3297E+01  9.0276E+00
  9.500  4.2440E-01  6.2228E-01 -1.3644E+01  9.657E-01  1.4337E+01  9.5232E+00
 10.000  2.4896E-01  5.6951E-01 -1.3747E+01  9.575E-01  1.5411E+01  1.0020E+01
 11.000 -9.0411E-02  4.7506E-01 -1.3955E+01  9.419E-01  1.7657E+01  1.1014E+01
 12.000 -4.0308E-01  3.9263E-01 -1.4164E+01  9.326E-01  2.0024E+01  1.2010E+01
 13.000 -6.9324E-01  3.2705E-01 -1.4371E+01  9.275E-01  2.2508E+01  1.3007E+01
 14.000 -9.6090E-01  2.7374E-01 -1.4573E+01  9.247E-01  2.5100E+01  1.4004E+01
 15.000 -1.2086E+00  2.3168E-01 -1.4764E+01  9.241E-01  2.7797E+01  1.5003E+01
 16.000 -1.4398E+00  1.9968E-01 -1.4936E+01  9.241E-01  3.0593E+01  1.6001E+01
 17.000 -1.6539E+00  1.7470E-01 -1.5099E+01  9.250E-01  3.3485E+01  1.7000E+01
 18.000 -1.8549E+00  1.5482E-01 -1.5255E+01  9.262E-01  3.6469E+01  1.8000E+01
 19.000 -2.0424E+00  1.3855E-01 -1.5405E+01  9.276E-01  3.9541E+01  1.8999E+01
 20.000 -2.2185E+00  1.2609E-01 -1.5542E+01  9.292E-01  4.2699E+01  1.9998E+01
