 Copper example                                                   Feff 8.50L
 POT  SCF  30  4.0000   0, core-hole, AFOLP (folp(0)= 1.150)
 Abs   Z=29 Rmt= 1.449 Rnm= 1.502 K  shell
 Pot 1 Z=29 Rmt= 1.354 Rnm= 1.391
 Gam_ch=1.729E+00 H-L exch
 Mu=-7.964E+00 kf=1.982E+00 Vint=-1.706E+01 Rs_int= 1.830
 PATH  Rmax= 5.200,  Keep_limit= 0.00, Heap_limit 0.00  Pwcrit= 2.50%
 Path    7      icalc       2
 -----------------------------------------------------------------------
   3  96.000   4.7633    2.6317   -7.96446 nleg, deg, reff, rnrmav(bohr), edge
        x         y         z   pot at#
    -0.0000   -0.0000   -0.0000  0  29 Cu       absorbing atom
     3.6100   -1.8050    1.8050  1  29 Cu    
     1.8050   -0.0000    1.8050  1  29 Cu    
    k   real[2*phc]   mag[feff]  phase[feff] red factor   lambda     real[p]@#
 -0.000  3.8237E+00  3.9197E-06 -3.7884E+00  9.628E-01  1.3636E+01  1.5471E+00
  0.100  3.8253E+00  8.5255E-03 -4.7155E+00  9.632E-01  1.3663E+01  1.5502E+00
  0.200  3.8299E+00  1.6490E-02 -5.5910E+00  9.642E-01  1.3743E+01  1.5595E+00
  0.300  3.8374E+00  2.3464E-02 -6.4166E+00  9.658E-01  1.3871E+01  1.5748E+00
  0.400  3.8473E+00  2.9221E-02 -7.1943E+00  9.680E-01  1.4040E+01  1.5959E+00
  0.500  3.8590E+00  3.3747E-02 -7.9264E+00  9.709E-01  1.4239E+01  1.6227E+00
  0.600  3.8718E+00  3.7176E-02 -8.6144E+00  9.742E-01  1.4455E+01  1.6549E+00
  0.700  3.8850E+00  3.9723E-02 -9.2597E+00  9.781E-01  1.4674E+01  1.6923E+00
  0.800  3.8976E+00  4.1612E-02 -9.8631E+00  9.823E-01  1.4880E+01  1.7344E+00
  0.900  3.9088E+00  4.3053E-02 -1.0425E+01  9.870E-01  1.5054E+01  1.7811E+00
  1.000  3.9178E+00  4.4161E-02 -1.0946E+01  9.920E-01  1.5183E+01  1.8322E+00
  1.100  3.9235E+00  4.5045E-02 -1.1426E+01  9.974E-01  1.5253E+01  1.8872E+00
  1.200  3.9254E+00  4.5761E-02 -1.1867E+01  1.003E+00  1.5255E+01  1.9460E+00
  1.300  3.9227E+00  4.6334E-02 -1.2268E+01  1.009E+00  1.5184E+01  2.0085E+00
  1.400  3.9147E+00  4.6777E-02 -1.2630E+01  1.016E+00  1.5041E+01  2.0745E+00
  1.500  3.9010E+00  4.7089E-02 -1.2954E+01  1.022E+00  1.4832E+01  2.1438E+00
  1.600  3.8812E+00  4.7276E-02 -1.3241E+01  1.029E+00  1.4569E+01  2.2163E+00
  1.700  3.8548E+00  4.7338E-02 -1.3492E+01  1.037E+00  1.4266E+01  2.2921E+00
  1.800  3.8216E+00  4.7287E-02 -1.3708E+01  1.044E+00  1.3940E+01  2.3711E+00
  1.900  3.7812E+00  4.7104E-02 -1.3890E+01  1.051E+00  1.3613E+01  2.4534E+00
  2.000  3.7334E+00  4.6785E-02 -1.4039E+01  1.058E+00  1.3303E+01  2.5390E+00
  2.200  3.6157E+00  4.5057E-02 -1.4238E+01  1.069E+00  1.2825E+01  2.7207E+00
  2.400  3.4252E+00  4.5579E-02 -1.4273E+01  1.100E+00  1.1075E+01  2.9342E+00
  2.600  3.3445E+00  4.8664E-02 -1.4339E+01  1.265E+00  6.6670E+00  3.1074E+00
  2.800  3.3374E+00  3.7914E-02 -1.4684E+01  1.306E+00  5.8165E+00  3.2478E+00
  3.000  3.2954E+00  2.9088E-02 -1.4940E+01  1.314E+00  5.4221E+00  3.3979E+00
  3.200  3.2347E+00  1.9861E-02 -1.5113E+01  1.307E+00  5.2594E+00  3.5546E+00
  3.400  3.1623E+00  1.1665E-02 -1.5030E+01  1.291E+00  5.2208E+00  3.7165E+00
  3.600  3.0828E+00  7.9420E-03 -1.4240E+01  1.270E+00  5.2597E+00  3.8829E+00
  3.800  2.9967E+00  1.4060E-02 -1.3648E+01  1.248E+00  5.3517E+00  4.0535E+00
  4.000  2.9062E+00  2.3462E-02 -1.3577E+01  1.228E+00  5.4829E+00  4.2275E+00
  4.200  2.8131E+00  3.3000E-02 -1.3642E+01  1.208E+00  5.6447E+00  4.4047E+00
  4.400  2.7168E+00  4.2400E-02 -1.3745E+01  1.187E+00  5.8311E+00  4.5846E+00
  4.600  2.6183E+00  5.1406E-02 -1.3865E+01  1.169E+00  6.0382E+00  4.7669E+00
  4.800  2.5179E+00  5.9165E-02 -1.3984E+01  1.153E+00  6.2630E+00  4.9512E+00
  5.000  2.4159E+00  6.6489E-02 -1.4108E+01  1.134E+00  6.5034E+00  5.1372E+00
  5.200  2.3128E+00  7.2915E-02 -1.4231E+01  1.118E+00  6.7577E+00  5.3249E+00
  5.400  2.2095E+00  7.7984E-02 -1.4347E+01  1.104E+00  7.0244E+00  5.5138E+00
  5.600  2.1070E+00  8.2172E-02 -1.4461E+01  1.089E+00  7.3027E+00  5.7040E+00
  5.800  2.0057E+00  8.5172E-02 -1.4572E+01  1.076E+00  7.5916E+00  5.8952E+00
  6.000  1.9060E+00  8.6863E-02 -1.4677E+01  1.064E+00  7.8904E+00  6.0873E+00
  6.500  1.6663E+00  8.5855E-02 -1.4928E+01  1.039E+00  8.6771E+00  6.5707E+00
  7.000  1.4380E+00  7.8620E-02 -1.5167E+01  1.021E+00  9.5151E+00  7.0579E+00
  7.500  1.2185E+00  6.7234E-02 -1.5392E+01  1.006E+00  1.0399E+01  7.5477E+00
  8.000  1.0019E+00  5.3364E-02 -1.5603E+01  9.929E-01  1.1326E+01  8.0396E+00
  8.500  7.9783E-01  3.8949E-02 -1.5786E+01  9.821E-01  1.2293E+01  8.5330E+00
  9.000  6.0575E-01  2.5323E-02 -1.5901E+01  9.733E-01  1.3297E+01  9.0276E+00
  9.500  4.2440E-01  1.3863E-02 -1.5825E+01  9.657E-01  1.4337E+01  9.5232E+00
 10.000  2.4896E-01  8.1897E-03 -1.5133E+01  9.575E-01  1.5411E+01  1.0020E+01
 11.000 -9.0411E-02  1.7741E-02 -1.4458E+01  9.419E-01  1.7657E+01  1.1014E+01
 12.000 -4.0308E-01  2.5476E-02 -1.4735E+01  9.326E-01  2.0024E+01  1.2010E+01
 13.000 -6.9324E-01  2.7537E-02 -1.5097E+01  9.275E-01  2.2508E+01  1.3007E+01
 14.000 -9.6090E-01  2.5180E-02 -1.5463E+01  9.247E-01  2.5100E+01  1.4004E+01
 15.000 -1.2086E+00  2.0725E-02 -1.5775E+01  9.241E-01  2.7797E+01  1.5003E+01
 16.000 -1.4398E+00  1.6715E-02 -1.5994E+01  9.241E-01  3.0593E+01  1.6001E+01
 17.000 -1.6539E+00  1.4355E-02 -1.6178E+01  9.250E-01  3.3485E+01  1.7000E+01
 18.000 -1.8549E+00  1.2570E-02 -1.6411E+01  9.262E-01  3.6469E+01  1.8000E+01
 19.000 -2.0424E+00  1.0796E-02 -1.6662E+01  9.276E-01  3.9541E+01  1.8999E+01
 20.000 -2.2185E+00  9.1635E-03 -1.6931E+01  9.292E-01  4.2699E+01  1.9998E+01
