# La2CuO4, Radaelli et al, PRB 49(6) 4163 (1994)                 Feff 8.50L  
# doi:10.1103/PhysRevB.49.4163
# POT  SCF  30  4.0000   0, core-hole, AFOLP (folp(0)= 1.150)
# Abs   Z=29 Rmt= 1.205 Rnm= 1.322 K  shell
# Pot 1 Z=57 Rmt= 1.755 Rnm= 1.830
# Pot 2 Z=29 Rmt= 1.175 Rnm= 1.252
# Pot 3 Z= 8 Rmt= 1.031 Rnm= 1.081
# Gam_ch=1.729E+00 H-L exch
# Mu=-8.214E+00 kf=2.053E+00 Vint=-1.954E+01 Rs_int= 1.767
# PATH  Rmax= 4.000,  Keep_limit= 0.00, Heap_limit 0.00  Pwcrit= 2.50%
#  S02=0.950                                        Global_sig2= 0.00000
#  Curved wave amplitude ratio filter   4.000%
#     file         sig2 tot  cw amp ratio   deg  nlegs   reff  inp sig2
#           1       0.00000    100.00      2.00     2   1.9044
#           2       0.00000    100.00      2.00     2   1.9044
#           4       0.00000     28.72      2.00     2   3.2308
#           5       0.00000     28.63      2.00     2   3.2413
#           6       0.00000     28.63      2.00     2   3.2413
#           7       0.00000     10.94      4.00     3   3.2437
#           8       0.00000     10.59      4.00     3   3.2582
#           9       0.00000     28.21      2.00     2   3.2872
#          14       0.00000     17.54      2.00     2   3.8035
#          15       0.00000     17.54      2.00     2   3.8035
#          16       0.00000     47.45      4.00     3   3.8061
#          17       0.00000     47.45      4.00     3   3.8061
#          18       0.00000     16.98      2.00     3   3.8088
#          19       0.00000     16.98      2.00     3   3.8088
#          20       0.00000      7.51      2.00     4   3.8088
#          21       0.00000      7.51      2.00     4   3.8088
#          22       0.00000      7.88      2.00     4   3.8088
#          23       0.00000     32.16      2.00     4   3.8088
#          24       0.00000      7.88      2.00     4   3.8088
#          25       0.00000     32.16      2.00     4   3.8088
#          26       0.00000      7.84      4.00     3   3.8655
#          27       0.00000      7.84      4.00     3   3.8655
#          28       0.00000      8.19      4.00     3   3.8885
#          29       0.00000      8.19      4.00     3   3.8885
#          30       0.00000      7.76      4.00     3   3.9121
#          31       0.00000      7.76      4.00     3   3.9121
#          32       0.00000      7.78      4.00     3   3.9173
#          33       0.00000      7.78      4.00     3   3.9173
#    28/  29 paths used
#  -----------------------------------------------------------------------
#       k          chi          mag           phase @#
     0.0500   -8.906605E-02  3.517278E-01 -2.885581E+00
     0.1000   -9.095999E-02  3.604403E-01 -2.886476E+00
     0.1500   -9.866628E-02  3.878089E-01 -2.884345E+00
     0.2000   -1.081795E-01  4.154922E-01 -2.878193E+00
     0.2500   -1.320559E-01  4.648430E-01 -2.853539E+00
     0.3000   -1.612082E-01  5.142164E-01 -2.822713E+00
     0.3500   -2.190751E-01  5.841269E-01 -2.757145E+00
     0.4000   -2.856552E-01  6.522256E-01 -2.688253E+00
     0.4500   -3.866643E-01  7.291915E-01 -2.582680E+00
     0.5000   -4.934725E-01  8.013581E-01 -2.478198E+00
     0.5500   -6.177726E-01  8.693088E-01 -2.351174E+00
     0.6000   -7.372314E-01  9.303528E-01 -2.226824E+00
     0.6500   -8.511379E-01  9.827753E-01 -2.094335E+00
     0.7000   -9.492717E-01  1.027658E+00 -1.963904E+00
     0.7500   -1.031209E+00  1.066841E+00 -1.829974E+00
     0.8000   -1.089534E+00  1.098314E+00 -1.697322E+00
     0.8500   -1.126440E+00  1.126498E+00 -1.560670E+00
     0.9000   -1.134567E+00  1.146762E+00 -1.424829E+00
     0.9500   -1.116574E+00  1.164189E+00 -1.283805E+00
     1.0000   -1.067965E+00  1.173521E+00 -1.143409E+00
     1.0500   -9.911973E-01  1.179763E+00 -9.975903E-01
     1.1000   -8.867863E-01  1.177874E+00 -8.524125E-01
     1.1500   -7.572013E-01  1.172673E+00 -7.019466E-01
     1.2000   -6.083429E-01  1.159559E+00 -5.522841E-01
     1.2500   -4.428600E-01  1.143256E+00 -3.977741E-01
     1.3000   -2.708438E-01  1.119519E+00 -2.443531E-01
     1.3500   -9.446369E-02  1.092991E+00 -8.653476E-02
     1.4000    7.388483E-02  1.059733E+00  6.977685E-02
     1.4500    2.336017E-01  1.024296E+00  2.300855E-01
     1.5000    3.721709E-01  9.830218E-01  3.882820E-01
     1.5500    4.913984E-01  9.400230E-01  5.500754E-01
     1.6000    5.808423E-01  8.922183E-01  7.089132E-01
     1.6500    6.449819E-01  8.432562E-01  8.708405E-01
     1.7000    6.773194E-01  7.906736E-01  1.028713E+00
     1.7500    6.842198E-01  7.374133E-01  1.188645E+00
     1.8000    6.641592E-01  6.817692E-01  1.343017E+00
     1.8500    6.242700E-01  6.259486E-01  1.497545E+00
     1.9000    5.676625E-01  5.691751E-01  1.643716E+00
     1.9500    5.005694E-01  5.123516E-01  1.785668E+00
     2.0000    4.301944E-01  4.567285E-01  1.913338E+00
     2.0500    3.633372E-01  4.058834E-01  2.032766E+00
     2.1000    3.036846E-01  3.585738E-01  2.131420E+00
     2.1500    2.551814E-01  3.166232E-01  2.204320E+00
     2.2000    2.198422E-01  2.820685E-01  2.247896E+00
     2.2500    1.915950E-01  2.516206E-01  2.276055E+00
     2.3000    1.760873E-01  2.307580E-01  2.273524E+00
     2.3500    1.713501E-01  2.208587E-01  2.253554E+00
     2.4000    1.740972E-01  2.216311E-01  2.238046E+00
     2.4500    1.796437E-01  2.328858E-01  2.260584E+00
     2.5000    1.834498E-01  2.489016E-01  2.312916E+00
     2.5500    1.817874E-01  2.673119E-01  2.393752E+00
     2.6000    1.716338E-01  2.862081E-01  2.498489E+00
     2.6500    1.501496E-01  2.990686E-01  2.615616E+00
     2.7000    1.202415E-01  3.118294E-01  2.745734E+00
     2.7500    8.157809E-02  3.237054E-01  2.886832E+00
     2.8000    3.491815E-02  3.340858E-01  3.036883E+00
     2.8500   -1.526098E-02  3.426991E-01  3.186139E+00
     2.9000   -6.952054E-02  3.502721E-01  3.341395E+00
     2.9500   -1.258005E-01  3.564647E-01  3.502274E+00
     3.0000   -1.814002E-01  3.609233E-01  3.668197E+00
     3.0500   -2.325372E-01  3.641270E-01  3.834291E+00
     3.1000   -2.773754E-01  3.655517E-01  4.003039E+00
     3.1500   -3.135709E-01  3.652372E-01  4.174009E+00
     3.2000   -3.392481E-01  3.632425E-01  4.346886E+00
     3.2500   -3.544377E-01  3.609474E-01  4.522181E+00
     3.3000   -3.567205E-01  3.567530E-01  4.698890E+00
     3.3500   -3.460672E-01  3.507824E-01  4.876536E+00
     3.4000   -3.232765E-01  3.431913E-01  5.054729E+00
     3.4500   -2.901259E-01  3.350377E-01  5.236139E+00
     3.5000   -2.476242E-01  3.252451E-01  5.417798E+00
     3.5500   -1.984119E-01  3.140073E-01  5.599221E+00
     3.6000   -1.454199E-01  3.015482E-01  5.779970E+00
     3.6500   -9.107538E-02  2.888393E-01  5.962397E+00
     3.7000   -3.816746E-02  2.751209E-01  6.144007E+00
     3.7500    1.074334E-02  2.605887E-01  6.324424E+00
     3.8000    5.358552E-02  2.454478E-01  6.503275E+00
     3.8500    8.906090E-02  2.300644E-01  6.680684E+00
     3.9000    1.161143E-01  2.143317E-01  6.855704E+00
     3.9500    1.344723E-01  1.984310E-01  7.027786E+00
     4.0000    1.444693E-01  1.825454E-01  7.196307E+00
     4.0500    1.468801E-01  1.669763E-01  7.358304E+00
     4.1000    1.431064E-01  1.517642E-01  7.514575E+00
     4.1500    1.346073E-01  1.370734E-01  7.664008E+00
     4.2000    1.229172E-01  1.230629E-01  7.805316E+00
     4.2500    1.100166E-01  1.103680E-01  7.933804E+00
     4.3000    9.674179E-02  9.863463E-02  8.050207E+00
     4.3500    8.410382E-02  8.800408E-02  8.152814E+00
     4.4000    7.281210E-02  7.860189E-02  8.240200E+00
     4.4500    6.386033E-02  7.096144E-02  8.305169E+00
     4.5000    5.683747E-02  6.488512E-02  8.357333E+00
     4.5500    5.137934E-02  6.011662E-02  8.399880E+00
     4.6000    4.722039E-02  5.645533E-02  8.434059E+00
     4.6500    4.501752E-02  5.472901E-02  8.458892E+00
     4.7000    4.358492E-02  5.424408E-02  8.491633E+00
     4.7500    4.233976E-02  5.456461E-02  8.536548E+00
     4.8000    4.090548E-02  5.534652E-02  8.593075E+00
     4.8500    3.966513E-02  5.720848E-02  8.658659E+00
     4.9000    3.768938E-02  5.944658E-02  8.738058E+00
     4.9500    3.470226E-02  6.191228E-02  8.829780E+00
     5.0000    3.050910E-02  6.450528E-02  8.932119E+00
     5.0500    2.516492E-02  6.786585E-02  9.044903E+00
     5.1000    1.812067E-02  7.128522E-02  9.167758E+00
     5.1500    9.346474E-03  7.470612E-02  9.299339E+00
     5.2000   -1.078608E-03  7.808512E-02  9.438592E+00
     5.2500   -1.344154E-02  8.204817E-02  9.589345E+00
     5.3000   -2.721689E-02  8.586442E-02  9.747316E+00
     5.3500   -4.187347E-02  8.948718E-02  9.911722E+00
     5.4000   -5.673498E-02  9.287369E-02  1.008195E+01
     5.4500   -7.172031E-02  9.642273E-02  1.026353E+01
     5.5000   -8.514093E-02  9.959162E-02  1.045014E+01
     5.5500   -9.598849E-02  1.023423E-01  1.064135E+01
     5.6000   -1.033256E-01  1.046408E-01  1.083686E+01
     5.6500   -1.067043E-01  1.068130E-01  1.104069E+01
     5.7000   -1.049804E-01  1.084238E-01  1.124827E+01
     5.7500   -9.788506E-02  1.094514E-01  1.145945E+01
     5.8000   -8.553930E-02  1.098799E-01  1.167413E+01
     5.8500   -6.834077E-02  1.099020E-01  1.189529E+01
     5.9000   -4.720831E-02  1.092688E-01  1.211962E+01
     5.9500   -2.347990E-02  1.079841E-01  1.234718E+01
     6.0000    1.244485E-03  1.060588E-01  1.257810E+01
     6.0500    2.565402E-02  1.036359E-01  1.281651E+01
     6.1000    4.747160E-02  1.005380E-01  1.305813E+01
     6.1500    6.505082E-02  9.679903E-02  1.330330E+01
     6.2000    7.710411E-02  9.246155E-02  1.355252E+01
     6.2500    8.283002E-02  8.757652E-02  1.380642E+01
     6.3000    8.199596E-02  8.220444E-02  1.406593E+01
     6.3500    7.496679E-02  7.641667E-02  1.433228E+01
     6.4000    6.267482E-02  7.029775E-02  1.460718E+01
     6.4500    4.653306E-02  6.394947E-02  1.489307E+01
     6.5000    2.829894E-02  5.749754E-02  1.519337E+01
     6.5500    9.705674E-03  5.073805E-02  1.551549E+01
     6.6000   -6.887121E-03  4.414008E-02  1.586463E+01
     6.6500   -1.968368E-02  3.801900E-02  1.625216E+01
     6.7000   -2.734548E-02  3.284043E-02  1.669189E+01
     6.7500   -2.913731E-02  2.924640E-02  1.719236E+01
     6.8000   -2.500839E-02  2.790545E-02  1.773847E+01
     6.8500   -1.559908E-02  2.908854E-02  1.828355E+01
     6.9000   -2.171680E-03  3.240798E-02  1.878250E+01
     6.9500    1.352796E-02  3.713790E-02  1.922240E+01
     7.0000    2.946335E-02  4.262750E-02  1.961268E+01
     7.0500    4.394118E-02  4.862527E-02  1.997782E+01
     7.1000    5.441692E-02  5.471291E-02  2.031629E+01
     7.1500    5.925934E-02  6.066990E-02  2.063641E+01
     7.2000    5.745853E-02  6.634303E-02  2.094384E+01
     7.2500    4.875406E-02  7.162138E-02  2.124240E+01
     7.3000    3.367953E-02  7.642222E-02  2.153477E+01
     7.3500    1.351755E-02  8.068317E-02  2.182282E+01
     7.4000   -9.830655E-03  8.435767E-02  2.210795E+01
     7.4500   -3.404709E-02  8.741241E-02  2.239124E+01
     7.5000   -5.664825E-02  8.982576E-02  2.267353E+01
     7.5500   -7.551293E-02  9.176261E-02  2.295767E+01
     7.6000   -8.832629E-02  9.305556E-02  2.324176E+01
     7.6500   -9.364856E-02  9.370788E-02  2.352636E+01
     7.7000   -9.081681E-02  9.373207E-02  2.381200E+01
     7.7500   -8.002551E-02  9.314975E-02  2.409922E+01
     7.8000   -6.231210E-02  9.199157E-02  2.438856E+01
     7.8500   -3.944873E-02  9.029737E-02  2.468062E+01
     7.9000   -1.375212E-02  8.811625E-02  2.497603E+01
     7.9500    1.216732E-02  8.550691E-02  2.527552E+01
     8.0000    3.568921E-02  8.253805E-02  2.557989E+01
     8.0500    5.447161E-02  7.934558E-02  2.588942E+01
     8.1000    6.670430E-02  7.594168E-02  2.620517E+01
     8.1500    7.130825E-02  7.241930E-02  2.652814E+01
     8.2000    6.804749E-02  6.888256E-02  2.685941E+01
     8.2500    5.754693E-02  6.544643E-02  2.719995E+01
     8.3000    4.121434E-02  6.223505E-02  2.755053E+01
     8.3500    2.107602E-02  5.937751E-02  2.791147E+01
     8.4000   -4.547975E-04  5.700013E-02  2.828231E+01
     8.4500   -2.085041E-02  5.521446E-02  2.866156E+01
     8.5000   -3.775113E-02  5.410251E-02  2.904661E+01
     8.5500   -4.910686E-02  5.359183E-02  2.943311E+01
     8.6000   -5.373154E-02  5.375040E-02  2.981864E+01
     8.6500   -5.113403E-02  5.452738E-02  3.019978E+01
     8.7000   -4.165384E-02  5.583402E-02  3.057385E+01
     8.7500   -2.641325E-02  5.755772E-02  3.093917E+01
     8.8000   -7.182440E-03  5.957656E-02  3.129507E+01
     8.8500    1.382602E-02  6.177096E-02  3.164167E+01
     8.9000    3.420923E-02  6.403112E-02  3.197956E+01
     8.9500    5.164368E-02  6.626070E-02  3.230964E+01
     9.0000    6.414212E-02  6.837807E-02  3.263289E+01
     9.0500    7.020403E-02  7.024963E-02  3.295069E+01
     9.1000    6.916829E-02  7.190574E-02  3.326354E+01
     9.1500    6.109378E-02  7.330313E-02  3.357221E+01
     9.2000    4.679360E-02  7.440862E-02  3.387742E+01
     9.2500    2.773492E-02  7.519815E-02  3.417978E+01
     9.3000    5.869475E-03  7.565590E-02  3.447986E+01
     9.3500   -1.658502E-02  7.577346E-02  3.477818E+01
     9.4000   -3.738728E-02  7.554919E-02  3.507521E+01
     9.4500   -5.451129E-02  7.498760E-02  3.537137E+01
     9.5000   -6.635554E-02  7.409875E-02  3.566708E+01
     9.5500   -7.187252E-02  7.286564E-02  3.596302E+01
     9.6000   -7.072925E-02  7.133773E-02  3.625902E+01
     9.6500   -6.328863E-02  6.953529E-02  3.655543E+01
     9.7000   -5.054138E-02  6.748238E-02  3.685263E+01
     9.7500   -3.397742E-02  6.520653E-02  3.715100E+01
     9.8000   -1.540842E-02  6.273837E-02  3.745098E+01
     9.8500    3.236855E-03  6.011136E-02  3.775299E+01
     9.9000    2.012109E-02  5.736144E-02  3.805751E+01
     9.9500    3.368750E-02  5.452678E-02  3.836507E+01
    10.0000    4.280976E-02  5.164748E-02  3.867622E+01
    10.0500    4.681453E-02  4.869576E-02  3.899104E+01
    10.1000    4.572437E-02  4.576224E-02  3.931059E+01
    10.1500    4.005398E-02  4.288977E-02  3.963559E+01
    10.2000    3.076943E-02  4.012231E-02  3.996672E+01
    10.2500    1.915610E-02  3.750411E-02  4.030462E+01
    10.3000    6.659103E-03  3.507847E-02  4.064971E+01
    10.3500   -5.284430E-03  3.288577E-02  4.100209E+01
    10.4000   -1.540186E-02  3.096077E-02  4.136138E+01
    10.4500   -2.271345E-02  2.932916E-02  4.172652E+01
    10.5000   -2.661976E-02  2.800386E-02  4.209579E+01
    10.5500   -2.694083E-02  2.698208E-02  4.246681E+01
    10.6000   -2.390560E-02  2.624413E-02  4.283685E+01
    10.6500   -1.809623E-02  2.575477E-02  4.320320E+01
    10.7000   -1.035666E-02  2.546709E-02  4.356349E+01
    10.7500   -1.678449E-03  2.532778E-02  4.391598E+01
    10.8000    6.921265E-03  2.528249E-02  4.425959E+01
    10.8500    1.451495E-02  2.528026E-02  4.459388E+01
    10.9000    2.036016E-02  2.527639E-02  4.491882E+01
    10.9500    2.396562E-02  2.523393E-02  4.523469E+01
    11.0000    2.512258E-02  2.512414E-02  4.554192E+01
    11.0500    2.384163E-02  2.490922E-02  4.584693E+01
    11.1000    2.041770E-02  2.459203E-02  4.614432E+01
    11.1500    1.537118E-02  2.416280E-02  4.643439E+01
    11.2000    9.340268E-03  2.361769E-02  4.671730E+01
    11.2500    2.994521E-03  2.295826E-02  4.699308E+01
    11.3000   -3.046336E-03  2.219098E-02  4.726160E+01
    11.3500   -8.278717E-03  2.132696E-02  4.752255E+01
    11.4000   -1.235935E-02  2.038170E-02  4.777541E+01
    11.4500   -1.512366E-02  1.937501E-02  4.801948E+01
    11.5000   -1.657840E-02  1.833104E-02  4.825384E+01
    11.5500   -1.687207E-02  1.727830E-02  4.847741E+01
    11.6000   -1.624942E-02  1.624967E-02  4.868906E+01
    11.6500   -1.499810E-02  1.528206E-02  4.888776E+01
    11.7000   -1.339614E-02  1.441525E-02  4.907296E+01
    11.7500   -1.166795E-02  1.368951E-02  4.924506E+01
    11.8000   -9.955204E-03  1.314133E-02  4.940593E+01
    11.8500   -8.305849E-03  1.279763E-02  4.955919E+01
    11.9000   -6.681984E-03  1.266998E-02  4.970996E+01
    11.9500   -4.984081E-03  1.275130E-02  4.986391E+01
    12.0000   -3.086732E-03  1.301700E-02  5.002607E+01
    12.0500   -9.198377E-04  1.339779E-02  5.019677E+01
    12.1000    1.587814E-03  1.390558E-02  5.037992E+01
    12.1500    4.436037E-03  1.449917E-02  5.057642E+01
    12.2000    7.530187E-03  1.513942E-02  5.078607E+01
    12.2500    1.067780E-02  1.579178E-02  5.100802E+01
    12.3000    1.360342E-02  1.642736E-02  5.124118E+01
    12.3500    1.598014E-02  1.702294E-02  5.148444E+01
    12.4000    1.747385E-02  1.756066E-02  5.173681E+01
    12.4500    1.779387E-02  1.802753E-02  5.199746E+01
    12.5000    1.674269E-02  1.841499E-02  5.226575E+01
    12.5500    1.425718E-02  1.871849E-02  5.254120E+01
    12.6000    1.043457E-02  1.893719E-02  5.282350E+01
    12.6500    5.538437E-03  1.907373E-02  5.311246E+01
    12.7000   -1.759617E-05  1.913402E-02  5.340799E+01
    12.7500   -5.707524E-03  1.912710E-02  5.371009E+01
    12.8000   -1.094832E-02  1.906490E-02  5.401878E+01
    12.8500   -1.516661E-02  1.896208E-02  5.433410E+01
    12.9000   -1.786854E-02  1.883561E-02  5.465604E+01
    12.9500   -1.870393E-02  1.870434E-02  5.498448E+01
    13.0000   -1.751631E-02  1.858826E-02  5.531914E+01
    13.0500   -1.441818E-02  1.853002E-02  5.565703E+01
    13.1000   -9.654557E-03  1.851815E-02  5.600023E+01
    13.1500   -3.704220E-03  1.857079E-02  5.634786E+01
    13.2000    2.797666E-03  1.870350E-02  5.669881E+01
    13.2500    9.126507E-03  1.892805E-02  5.705180E+01
    13.3000    1.454869E-02  1.925148E-02  5.740542E+01
    13.3500    1.840625E-02  1.967554E-02  5.775831E+01
    13.4000    2.019569E-02  2.019675E-02  5.810923E+01
    13.4500    1.963148E-02  2.080688E-02  5.845719E+01
    13.5000    1.668607E-02  2.149385E-02  5.880146E+01
    13.5500    1.160118E-02  2.224279E-02  5.914157E+01
    13.6000    4.868222E-03  2.303708E-02  5.947733E+01
    13.6500   -2.820515E-03  2.385929E-02  5.980875E+01
    13.7000   -1.064491E-02  2.469198E-02  6.013598E+01
    13.7500   -1.774617E-02  2.551821E-02  6.045928E+01
    13.8000   -2.332218E-02  2.632204E-02  6.077898E+01
    13.8500   -2.671801E-02  2.708874E-02  6.109542E+01
    13.9000   -2.750130E-02  2.780500E-02  6.140899E+01
    13.9500   -2.551358E-02  2.845901E-02  6.172004E+01
    14.0000   -2.089152E-02  2.904055E-02  6.202893E+01
    14.0500   -1.406286E-02  2.959430E-02  6.233668E+01
    14.1000   -5.643069E-03  3.005984E-02  6.264300E+01
    14.1500    3.533358E-03  3.043125E-02  6.294823E+01
    14.2000    1.254173E-02  3.070422E-02  6.325263E+01
    14.2500    2.046671E-02  3.087598E-02  6.355650E+01
    14.3000    2.650130E-02  3.094530E-02  6.386009E+01
    14.3500    3.003394E-02  3.091240E-02  6.416368E+01
    14.4000    3.071428E-02  3.077899E-02  6.446751E+01
    14.4500    2.849001E-02  3.054815E-02  6.477182E+01
    14.5000    2.361092E-02  3.022432E-02  6.507688E+01
    14.5500    1.659999E-02  2.981323E-02  6.538292E+01
    14.6000    8.194817E-03  2.932180E-02  6.569019E+01
    14.6500   -7.335985E-04  2.875812E-02  6.599896E+01
    14.7000   -9.275631E-03  2.813133E-02  6.630946E+01
    14.7500   -1.658054E-02  2.745151E-02  6.662195E+01
    14.8000   -2.194597E-02  2.672959E-02  6.693667E+01
    14.8500   -2.488959E-02  2.597718E-02  6.725385E+01
    14.9000   -2.519547E-02  2.520641E-02  6.757371E+01
    14.9500   -2.293035E-02  2.442975E-02  6.789642E+01
    15.0000   -1.842898E-02  2.365973E-02  6.822210E+01
    15.0500   -1.222192E-02  2.294481E-02  6.855329E+01
    15.1000   -5.019037E-03  2.226072E-02  6.888762E+01
    15.1500    2.370649E-03  2.161863E-02  6.922492E+01
    15.2000    9.143885E-03  2.102820E-02  6.956490E+01
    15.2500    1.459037E-02  2.049714E-02  6.990713E+01
    15.3000    1.816719E-02  2.003079E-02  7.025106E+01
    15.3500    1.955262E-02  1.963178E-02  7.059600E+01
    15.4000    1.867382E-02  1.929983E-02  7.094123E+01
    15.4500    1.570632E-02  1.903183E-02  7.128596E+01
    15.5000    1.104606E-02  1.882202E-02  7.162944E+01
    15.5500    5.258294E-03  1.866243E-02  7.197100E+01
    15.6000   -9.903398E-04  1.854339E-02  7.231006E+01
    15.6500   -7.008186E-03  1.845416E-02  7.264617E+01
    15.7000   -1.215467E-02  1.838352E-02  7.297901E+01
    15.7500   -1.590760E-02  1.832035E-02  7.330840E+01
    15.8000   -1.791456E-02  1.825404E-02  7.363427E+01
    15.8500   -1.802341E-02  1.817490E-02  7.395663E+01
    15.9000   -1.628943E-02  1.807435E-02  7.427559E+01
    15.9500   -1.295946E-02  1.794512E-02  7.459129E+01
    16.0000   -8.435951E-03  1.778127E-02  7.490391E+01
    16.0500   -3.181485E-03  1.760961E-02  7.521656E+01
    16.1000    2.228409E-03  1.739612E-02  7.552667E+01
    16.1500    7.241492E-03  1.713852E-02  7.583446E+01
    16.2000    1.137531E-02  1.683559E-02  7.614010E+01
    16.2500    1.426483E-02  1.648716E-02  7.644379E+01
    16.3000    1.569440E-02  1.609401E-02  7.674571E+01
    16.3500    1.561135E-02  1.565777E-02  7.704604E+01
    16.4000    1.412086E-02  1.518084E-02  7.734492E+01
    16.4500    1.146384E-02  1.466632E-02  7.764252E+01
    16.5000    7.981492E-03  1.411786E-02  7.793896E+01
    16.5500    4.071490E-03  1.353963E-02  7.823438E+01
    16.6000    1.413609E-04  1.293620E-02  7.852889E+01
    16.6500   -3.435446E-03  1.231245E-02  7.882259E+01
    16.7000   -6.355965E-03  1.167347E-02  7.911558E+01
    16.7500   -8.413078E-03  1.102454E-02  7.940795E+01
    16.8000   -9.507864E-03  1.037097E-02  7.969975E+01
    16.8500   -9.648683E-03  9.718065E-03  7.999105E+01
    16.9000   -8.938357E-03  9.071058E-03  8.028187E+01
    16.9500   -7.552119E-03  8.435024E-03  8.057224E+01
    17.0000   -5.709886E-03  7.814829E-03  8.086214E+01
    17.0500   -3.644337E-03  7.227197E-03  8.115289E+01
    17.1000   -1.575861E-03  6.660653E-03  8.144255E+01
    17.1500    3.026507E-04  6.119021E-03  8.173089E+01
    17.2000    1.849365E-03  5.605841E-03  8.201761E+01
    17.2500    2.981213E-03  5.124349E-03  8.230232E+01
    17.3000    3.673101E-03  4.677470E-03  8.258455E+01
    17.3500    3.949840E-03  4.267822E-03  8.286374E+01
    17.4000    3.872897E-03  3.897723E-03  8.313928E+01
    17.4500    3.524572E-03  3.569206E-03  8.341052E+01
    17.5000    2.992289E-03  3.284026E-03  8.367690E+01
    17.5500    2.355366E-03  3.043650E-03  8.393808E+01
    17.6000    1.676016E-03  2.849200E-03  8.419412E+01
    17.6500    9.954471E-04  2.701361E-03  8.444561E+01
    17.7000    3.350247E-04  2.600237E-03  8.469380E+01
    17.7500   -2.983940E-04  2.545212E-03  8.494051E+01
    17.8000   -9.045133E-04  2.534860E-03  8.518787E+01
    17.8500   -1.480950E-03  2.566970E-03  8.543796E+01
    17.9000   -2.015830E-03  2.638685E-03  8.569242E+01
    17.9500   -2.483286E-03  2.746706E-03  8.595226E+01
    18.0000   -2.842924E-03  2.887502E-03  8.621785E+01
    18.0500   -3.043823E-03  3.056372E-03  8.648445E+01
    18.1000   -3.039059E-03  3.251933E-03  8.675763E+01
    18.1500   -2.778027E-03  3.470907E-03  8.703667E+01
    18.2000   -2.227208E-03  3.710185E-03  8.732072E+01
    18.2500   -1.381252E-03  3.966805E-03  8.760894E+01
    18.3000   -2.711811E-04  4.237910E-03  8.790056E+01
    18.3500    1.032079E-03  4.520726E-03  8.819492E+01
    18.4000    2.419981E-03  4.812535E-03  8.849149E+01
    18.4500    3.754770E-03  5.110671E-03  8.878981E+01
    18.5000    4.883421E-03  5.412519E-03  8.908954E+01
    18.5500    5.655579E-03  5.715525E-03  8.939043E+01
    18.6000    5.943313E-03  6.017210E-03  8.969227E+01
    18.6500    5.660029E-03  6.315191E-03  8.999493E+01
    18.7000    4.775854E-03  6.607192E-03  9.029830E+01
    18.7500    3.327083E-03  6.891075E-03  9.060233E+01
    18.8000    1.417982E-03  7.164849E-03  9.090696E+01
    18.8500   -7.858688E-04  7.426696E-03  9.121220E+01
    18.9000   -3.072388E-03  7.674984E-03  9.151804E+01
    18.9500   -5.204596E-03  7.908281E-03  9.182451E+01
    19.0000   -6.946665E-03  8.125371E-03  9.213161E+01
    19.0500   -8.120911E-03  8.351611E-03  9.244139E+01
    19.1000   -8.539538E-03  8.563493E-03  9.275180E+01
    19.1500   -8.116138E-03  8.760137E-03  9.306282E+01
    19.2000   -6.852895E-03  8.940803E-03  9.337445E+01
    19.2500   -4.844774E-03  9.104896E-03  9.368669E+01
    19.3000   -2.272922E-03  9.251969E-03  9.399957E+01
    19.3500    6.123292E-04  9.381727E-03  9.431309E+01
    19.4000    3.517203E-03  9.494027E-03  9.462729E+01
    19.4500    6.136159E-03  9.588876E-03  9.494218E+01
    19.5000    8.185925E-03  9.666435E-03  9.525780E+01
    19.5500    9.437922E-03  9.727007E-03  9.557417E+01
    19.6000    9.745200E-03  9.771042E-03  9.589132E+01
    19.6500    9.060621E-03  9.799121E-03  9.620929E+01
    19.7000    7.443980E-03  9.811956E-03  9.652811E+01
    19.7500    5.057049E-03  9.810378E-03  9.684781E+01
    19.8000    2.146944E-03  9.795323E-03  9.716840E+01
    19.8500   -9.803885E-04  9.767823E-03  9.748991E+01
    19.9000   -3.993620E-03  9.728990E-03  9.781236E+01
    19.9500   -6.572597E-03  9.679999E-03  9.813575E+01
    20.0000   -8.443833E-03  9.622075E-03  9.846010E+01
