# La2CuO4, Radaelli et al, PRB 49(6) 4163 (1994)                 Feff 8.50L  
# doi:10.1103/PhysRevB.49.4163
# POT  SCF  30  4.0000   0, core-hole, AFOLP (folp(0)= 1.150)
# Abs   Z=29 Rmt= 1.205 Rnm= 1.322 K  shell
# Pot 1 Z=57 Rmt= 1.755 Rnm= 1.830
# Pot 2 Z=29 Rmt= 1.175 Rnm= 1.252
# Pot 3 Z= 8 Rmt= 1.031 Rnm= 1.081
# Gam_ch=1.729E+00 H-L exch
# Mu=-8.214E+00 kf=2.053E+00 Vint=-1.954E+01 Rs_int= 1.767
# PATH  Rmax= 4.000,  Keep_limit= 0.00, Heap_limit 0.00  Pwcrit= 2.50%
#  S02=0.950                                        Global_sig2= 0.00000
#  Curved wave amplitude ratio filter   4.000%
#     file         sig2 tot  cw amp ratio   deg  nlegs   reff  inp sig2
#           1       0.00000    100.00      2.00     2   1.9044
#           2       0.00000    100.00      2.00     2   1.9044
#           4       0.00000     28.72      2.00     2   3.2308
#           5       0.00000     28.63      2.00     2   3.2413
#           6       0.00000     28.63      2.00     2   3.2413
#           7       0.00000     10.94      4.00     3   3.2437
#           8       0.00000     10.59      4.00     3   3.2582
#           9       0.00000     28.21      2.00     2   3.2872
#          14       0.00000     17.54      2.00     2   3.8035
#          15       0.00000     17.54      2.00     2   3.8035
#          16       0.00000     47.45      4.00     3   3.8061
#          17       0.00000     47.45      4.00     3   3.8061
#          18       0.00000     16.98      2.00     3   3.8088
#          19       0.00000     16.98      2.00     3   3.8088
#          20       0.00000      7.51      2.00     4   3.8088
#          21       0.00000      7.51      2.00     4   3.8088
#          22       0.00000      7.88      2.00     4   3.8088
#          23       0.00000     32.16      2.00     4   3.8088
#          24       0.00000      7.88      2.00     4   3.8088
#          25       0.00000     32.16      2.00     4   3.8088
#          26       0.00000      7.84      4.00     3   3.8655
#          27       0.00000      7.84      4.00     3   3.8655
#          28       0.00000      8.19      4.00     3   3.8885
#          29       0.00000      8.19      4.00     3   3.8885
#          30       0.00000      7.76      4.00     3   3.9121
#          31       0.00000      7.76      4.00     3   3.9121
#          32       0.00000      7.78      4.00     3   3.9173
#          33       0.00000      7.78      4.00     3   3.9173
#    28/  29 paths used
#  xsedge+50, used to normalize mu           2.4167E-04
#  -----------------------------------------------------------------------
#  omega    e    k    mu    mu0     chi     @#
    8989.267     -8.204   0.050  3.90174E-01  4.66987E-01 -8.90660E-02
    8989.296     -8.176   0.100  3.94808E-01  4.73336E-01 -9.09600E-02
    8989.343     -8.128   0.150  4.06868E-01  4.92310E-01 -9.86663E-02
    8989.410     -8.061   0.200  4.17319E-01  5.11285E-01 -1.08180E-01
    8989.496     -7.976   0.250  4.25881E-01  5.41155E-01 -1.32056E-01
    8989.600     -7.871   0.300  4.29609E-01  5.71025E-01 -1.61208E-01
    8989.724     -7.747   0.350  4.13191E-01  6.06639E-01 -2.19075E-01
    8989.867     -7.604   0.400  3.88358E-01  6.42252E-01 -2.85655E-01
    8990.029     -7.442   0.450  3.30397E-01  6.76796E-01 -3.86664E-01
    8990.210     -7.261   0.500  2.65774E-01  7.11341E-01 -4.93472E-01
    8990.410     -7.061   0.550  1.78155E-01  7.40940E-01 -6.17773E-01
    8990.629     -6.842   0.600  9.29800E-02  7.70539E-01 -7.37231E-01
    8990.867     -6.604   0.650  5.11995E-03  7.94832E-01 -8.51138E-01
    8991.124     -6.347   0.700 -6.99658E-02  8.19125E-01 -9.49272E-01
    8991.401     -6.071   0.750 -1.36059E-01  8.39205E-01 -1.03121E+00
    8991.696     -5.775   0.800 -1.81103E-01  8.59285E-01 -1.08953E+00
    8992.010     -5.461   0.850 -2.09746E-01  8.76230E-01 -1.12644E+00
    8992.344     -5.128   0.900 -2.11058E-01  8.93176E-01 -1.13457E+00
    8992.696     -4.775   0.950 -1.88938E-01  9.07717E-01 -1.11657E+00
    8993.067     -4.404   1.000 -1.36156E-01  9.22258E-01 -1.06796E+00
    8993.458     -4.013   1.050 -5.57464E-02  9.34810E-01 -9.91197E-01
    8993.868     -3.604   1.100  5.37916E-02  9.47362E-01 -8.86786E-01
    8994.296     -3.175   1.150  1.89506E-01  9.58140E-01 -7.57201E-01
    8994.744     -2.727   1.200  3.46859E-01  9.68918E-01 -6.08343E-01
    8995.211     -2.261   1.250  5.22358E-01  9.78025E-01 -4.42860E-01
    8995.696     -1.775   1.300  7.06730E-01  9.87132E-01 -2.70844E-01
    8996.201     -1.270   1.350  8.96333E-01  9.94617E-01 -9.44637E-02
    8996.725     -0.746   1.400  1.07936E+00  1.00210E+00  7.38848E-02
    8997.268     -0.203   1.450  1.25317E+00  1.00802E+00  2.33602E-01
    8997.830      0.359   1.500  1.40594E+00  1.01394E+00  3.72171E-01
    8998.411      0.940   1.550  1.53719E+00  1.01836E+00  4.91398E-01
    8999.011      1.540   1.600  1.63751E+00  1.02278E+00  5.80842E-01
    8999.630      2.159   1.650  1.70921E+00  1.02579E+00  6.44982E-01
    9000.268      2.797   1.700  1.74734E+00  1.02879E+00  6.77319E-01
    9000.926      3.454   1.750  1.75639E+00  1.03050E+00  6.84220E-01
    9001.602      4.130   1.800  1.73684E+00  1.03221E+00  6.64159E-01
    9002.297      4.826   1.850  1.69439E+00  1.03272E+00  6.24270E-01
    9003.011      5.540   1.900  1.63432E+00  1.03324E+00  5.67662E-01
    9003.745      6.274   1.950  1.56170E+00  1.03264E+00  5.00569E-01
    9004.497      7.026   2.000  1.48587E+00  1.03204E+00  4.30194E-01
    9005.269      7.798   2.050  1.41255E+00  1.03034E+00  3.63337E-01
    9006.059      8.588   2.100  1.34719E+00  1.02864E+00  3.03685E-01
    9006.869      9.398   2.150  1.29385E+00  1.02695E+00  2.55181E-01
    9007.698     10.226   2.200  1.25453E+00  1.02525E+00  2.19842E-01
    9008.546     11.074   2.250  1.22166E+00  1.02259E+00  1.91595E-01
    9009.412     11.941   2.300  1.20220E+00  1.01994E+00  1.76087E-01
    9010.298     12.827   2.350  1.19397E+00  1.01728E+00  1.71350E-01
    9011.203     13.732   2.400  1.19346E+00  1.01463E+00  1.74097E-01
    9012.127     14.656   2.450  1.19781E+00  1.01428E+00  1.79644E-01
    9013.070     15.599   2.500  1.20033E+00  1.01394E+00  1.83450E-01
    9014.032     16.561   2.550  1.19728E+00  1.01359E+00  1.81787E-01
    9015.013     17.542   2.600  1.18571E+00  1.01325E+00  1.71634E-01
    9016.013     18.542   2.650  1.16237E+00  1.01194E+00  1.50150E-01
    9017.032     19.561   2.700  1.13073E+00  1.01063E+00  1.20241E-01
    9018.070     20.599   2.750  1.09056E+00  1.00932E+00  8.15781E-02
    9019.128     21.656   2.800  1.04268E+00  1.00801E+00  3.49181E-02
    9020.204     22.733   2.850  9.91982E-01  1.00712E+00 -1.52610E-02
    9021.299     23.828   2.900  9.37295E-01  1.00624E+00 -6.95205E-02
    9022.414     24.943   2.950  8.80668E-01  1.00535E+00 -1.25800E-01
    9023.547     26.076   3.000  8.24778E-01  1.00447E+00 -1.81400E-01
    9024.700     27.229   3.050  7.73453E-01  1.00386E+00 -2.32537E-01
    9025.871     28.400   3.100  7.28342E-01  1.00325E+00 -2.77375E-01
    9027.062     29.591   3.150  6.91776E-01  1.00264E+00 -3.13571E-01
    9028.272     30.800   3.200  6.65621E-01  1.00203E+00 -3.39248E-01
    9029.500     32.029   3.250  6.50136E-01  1.00184E+00 -3.54438E-01
    9030.748     33.277   3.300  6.47447E-01  1.00164E+00 -3.56721E-01
    9032.015     34.544   3.350  6.57607E-01  1.00145E+00 -3.46067E-01
    9033.301     35.830   3.400  6.79849E-01  1.00125E+00 -3.23276E-01
    9034.606     37.134   3.450  7.12439E-01  1.00126E+00 -2.90126E-01
    9035.930     38.458   3.500  7.54436E-01  1.00126E+00 -2.47624E-01
    9037.273     39.801   3.550  8.03239E-01  1.00126E+00 -1.98412E-01
    9038.635     41.164   3.600  8.55945E-01  1.00127E+00 -1.45420E-01
    9040.016     42.545   3.650  9.10590E-01  1.00174E+00 -9.10754E-02
    9041.416     43.945   3.700  9.63960E-01  1.00222E+00 -3.81675E-02
    9042.835     45.364   3.750  1.01348E+00  1.00269E+00  1.07433E-02
    9044.274     46.802   3.800  1.05704E+00  1.00317E+00  5.35855E-02
    9045.731     48.260   3.850  1.09374E+00  1.00404E+00  8.90609E-02
    9047.207     49.736   3.900  1.12206E+00  1.00491E+00  1.16114E-01
    9048.703     51.231   3.950  1.14169E+00  1.00579E+00  1.34472E-01
    9050.217     52.746   4.000  1.15292E+00  1.00666E+00  1.44469E-01
    9051.751     54.279   4.050  1.15658E+00  1.00758E+00  1.46880E-01
    9053.303     55.832   4.100  1.15396E+00  1.00849E+00  1.43106E-01
    9054.875     57.404   4.150  1.14652E+00  1.00941E+00  1.34607E-01
    9056.466     58.994   4.200  1.13578E+00  1.01032E+00  1.22917E-01
    9058.075     60.604   4.250  1.12420E+00  1.01168E+00  1.10017E-01
    9059.704     62.233   4.300  1.11219E+00  1.01304E+00  9.67418E-02
    9061.352     63.881   4.350  1.10077E+00  1.01440E+00  8.41038E-02
    9063.019     65.547   4.400  1.09069E+00  1.01576E+00  7.28121E-02
    9064.705     67.233   4.450  1.08284E+00  1.01700E+00  6.38603E-02
    9066.410     68.938   4.500  1.07696E+00  1.01824E+00  5.68375E-02
    9068.134     70.662   4.550  1.07266E+00  1.01949E+00  5.13793E-02
    9069.877     72.405   4.600  1.06969E+00  1.02073E+00  4.72204E-02
    9071.639     74.168   4.650  1.06863E+00  1.02187E+00  4.50175E-02
    9073.420     75.949   4.700  1.06837E+00  1.02302E+00  4.35849E-02
    9075.220     77.749   4.750  1.06829E+00  1.02417E+00  4.23398E-02
    9077.039     79.568   4.800  1.06801E+00  1.02531E+00  4.09055E-02
    9078.878     81.406   4.850  1.06777E+00  1.02631E+00  3.96651E-02
    9080.735     83.264   4.900  1.06674E+00  1.02730E+00  3.76894E-02
    9082.612     85.140   4.950  1.06466E+00  1.02830E+00  3.47023E-02
    9084.507     87.036   5.000  1.06130E+00  1.02929E+00  3.05091E-02
    9086.422     88.950   5.050  1.05632E+00  1.02990E+00  2.51649E-02
    9088.355     90.884   5.100  1.04956E+00  1.03052E+00  1.81207E-02
    9090.308     92.836   5.150  1.04096E+00  1.03113E+00  9.34647E-03
    9092.279     94.808   5.200  1.03061E+00  1.03174E+00 -1.07861E-03
    9094.270     96.799   5.250  1.01785E+00  1.03199E+00 -1.34415E-02
    9096.280     98.809   5.300  1.00360E+00  1.03224E+00 -2.72169E-02
    9098.309    100.837   5.350  9.88412E-01  1.03249E+00 -4.18735E-02
    9100.357    102.885   5.400  9.73007E-01  1.03274E+00 -5.67350E-02
    9102.424    104.952   5.450  9.57098E-01  1.03259E+00 -7.17203E-02
    9104.509    107.038   5.500  9.42844E-01  1.03243E+00 -8.51409E-02
    9106.614    109.143   5.550  9.31306E-01  1.03228E+00 -9.59885E-02
    9108.739    111.267   5.600  9.23466E-01  1.03212E+00 -1.03326E-01
    9110.882    113.410   5.650  9.19464E-01  1.03159E+00 -1.06704E-01
    9113.044    115.573   5.700  9.20825E-01  1.03106E+00 -1.04980E-01
    9115.225    117.754   5.750  9.27820E-01  1.03053E+00 -9.78851E-02
    9117.425    119.954   5.800  9.40309E-01  1.03000E+00 -8.55393E-02
    9119.645    122.173   5.850  9.57584E-01  1.02916E+00 -6.83408E-02
    9121.883    124.412   5.900  9.78932E-01  1.02832E+00 -4.72083E-02
    9124.140    126.669   5.950  1.00294E+00  1.02748E+00 -2.34799E-02
    9126.417    128.946   6.000  1.02794E+00  1.02664E+00  1.24448E-03
    9128.712    131.241   6.050  1.05227E+00  1.02553E+00  2.56540E-02
    9131.027    133.556   6.100  1.07383E+00  1.02442E+00  4.74716E-02
    9133.361    135.889   6.150  1.09092E+00  1.02331E+00  6.50508E-02
    9135.713    138.242   6.200  1.10223E+00  1.02220E+00  7.71041E-02
    9138.085    140.614   6.250  1.10695E+00  1.02109E+00  8.28300E-02
    9140.476    143.004   6.300  1.10485E+00  1.01998E+00  8.19960E-02
    9142.886    145.414   6.350  1.09636E+00  1.01887E+00  7.49668E-02
    9145.314    147.843   6.400  1.08245E+00  1.01776E+00  6.26748E-02
    9147.762    150.291   6.450  1.06462E+00  1.01665E+00  4.65331E-02
    9150.229    152.758   6.500  1.04467E+00  1.01554E+00  2.82989E-02
    9152.715    155.244   6.550  1.02446E+00  1.01448E+00  9.70567E-03
    9155.220    157.749   6.600  1.00635E+00  1.01342E+00 -6.88712E-03
    9157.744    160.273   6.650  9.92170E-01  1.01235E+00 -1.96837E-02
    9160.288    162.816   6.700  9.83285E-01  1.01129E+00 -2.73455E-02
    9162.850    165.379   6.750  9.80424E-01  1.01022E+00 -2.91373E-02
    9165.431    167.960   6.800  9.83616E-01  1.00916E+00 -2.50084E-02
    9168.031    170.560   6.850  9.92183E-01  1.00810E+00 -1.55991E-02
    9170.651    173.179   6.900  1.00482E+00  1.00703E+00 -2.17168E-03
    9173.289    175.818   6.950  1.01973E+00  1.00597E+00  1.35280E-02
    9175.947    178.475   7.000  1.03484E+00  1.00490E+00  2.94634E-02
    9178.623    181.152   7.050  1.04877E+00  1.00415E+00  4.39412E-02
    9181.319    183.847   7.100  1.05860E+00  1.00340E+00  5.44169E-02
    9184.033    186.562   7.150  1.06271E+00  1.00265E+00  5.92593E-02
    9186.767    189.296   7.200  1.06009E+00  1.00190E+00  5.74585E-02
    9189.520    192.048   7.250  1.05048E+00  1.00115E+00  4.87541E-02
    9192.292    194.820   7.300  1.03445E+00  1.00040E+00  3.36795E-02
    9195.082    197.611   7.350  1.01330E+00  9.99651E-01  1.35176E-02
    9197.892    200.421   7.400  9.88981E-01  9.98901E-01 -9.83065E-03
    9200.721    203.250   7.450  9.63824E-01  9.98151E-01 -3.40471E-02
    9203.569    206.098   7.500  9.40337E-01  9.97400E-01 -5.66483E-02
    9206.436    208.965   7.550  9.20840E-01  9.96856E-01 -7.55129E-02
    9209.322    211.851   7.600  9.07455E-01  9.96311E-01 -8.83263E-02
    9212.227    214.756   7.650  9.01618E-01  9.95767E-01 -9.36486E-02
    9215.151    217.680   7.700  9.03980E-01  9.95222E-01 -9.08168E-02
    9218.095    220.623   7.750  9.14330E-01  9.94678E-01 -8.00255E-02
    9221.057    223.586   7.800  9.31611E-01  9.94133E-01 -6.23121E-02
    9224.038    226.567   7.850  9.54033E-01  9.93589E-01 -3.94487E-02
    9227.039    229.567   7.900  9.79264E-01  9.93044E-01 -1.37521E-02
    9230.058    232.587   7.950  1.00468E+00  9.92500E-01  1.21673E-02
    9233.096    235.625   8.000  1.02767E+00  9.91955E-01  3.56892E-02
    9236.154    238.683   8.050  1.04575E+00  9.91286E-01  5.44716E-02
    9239.231    241.759   8.100  1.05724E+00  9.90616E-01  6.67043E-02
    9242.326    244.855   8.150  1.06110E+00  9.89947E-01  7.13082E-02
    9245.441    247.969   8.200  1.05711E+00  9.89277E-01  6.80475E-02
    9248.575    251.103   8.250  1.04592E+00  9.88608E-01  5.75469E-02
    9251.727    254.256   8.300  1.02894E+00  9.87938E-01  4.12143E-02
    9254.899    257.428   8.350  1.00822E+00  9.87269E-01  2.10760E-02
    9258.090    260.619   8.400  9.86148E-01  9.86599E-01 -4.54798E-04
    9261.300    263.829   8.450  9.65245E-01  9.85930E-01 -2.08504E-02
    9264.529    267.057   8.500  9.47845E-01  9.85260E-01 -3.77511E-02
    9267.777    270.305   8.550  9.35647E-01  9.84259E-01 -4.91069E-02
    9271.044    273.573   8.600  9.30131E-01  9.83257E-01 -5.37315E-02
    9274.330    276.859   8.650  9.31759E-01  9.82255E-01 -5.11340E-02
    9277.635    280.164   8.700  9.40168E-01  9.81254E-01 -4.16538E-02
    9280.959    283.488   8.750  9.54231E-01  9.80252E-01 -2.64132E-02
    9284.303    286.831   8.800  9.72183E-01  9.79250E-01 -7.18244E-03
    9287.665    290.194   8.850  9.91837E-01  9.78249E-01  1.38260E-02
    9291.046    293.575   8.900  1.01083E+00  9.77247E-01  3.42092E-02
    9294.447    296.975   8.950  1.02688E+00  9.76245E-01  5.16437E-02
    9297.866    300.395   9.000  1.03805E+00  9.75244E-01  6.41421E-02
    9301.305    303.833   9.050  1.04277E+00  9.74129E-01  7.02040E-02
    9304.762    307.291   9.100  1.04053E+00  9.73015E-01  6.91683E-02
    9308.239    310.768   9.150  1.03144E+00  9.71901E-01  6.10938E-02
    9311.735    314.263   9.200  1.01632E+00  9.70787E-01  4.67936E-02
    9315.249    317.778   9.250  9.96618E-01  9.69673E-01  2.77349E-02
    9318.783    321.312   9.300  9.74252E-01  9.68559E-01  5.86948E-03
    9322.336    324.864   9.350  9.51383E-01  9.67445E-01 -1.65850E-02
    9325.908    328.436   9.400  9.30181E-01  9.66331E-01 -3.73873E-02
    9329.499    332.027   9.450  9.12593E-01  9.65217E-01 -5.45113E-02
    9333.109    335.637   9.500  9.00147E-01  9.64103E-01 -6.63555E-02
    9336.738    339.266   9.550  8.93751E-01  9.62933E-01 -7.18725E-02
    9340.386    342.914   9.600  8.93772E-01  9.61763E-01 -7.07293E-02
    9344.053    346.581   9.650  8.99835E-01  9.60594E-01 -6.32886E-02
    9347.739    350.268   9.700  9.10967E-01  9.59424E-01 -5.05414E-02
    9351.444    353.973   9.750  9.25721E-01  9.58254E-01 -3.39774E-02
    9355.168    357.697   9.800  9.42351E-01  9.57084E-01 -1.54084E-02
    9358.912    361.440   9.850  9.59006E-01  9.55915E-01  3.23685E-03
    9362.674    365.203   9.900  9.73934E-01  9.54745E-01  2.01211E-02
    9366.455    368.984   9.950  9.85659E-01  9.53575E-01  3.36875E-02
    9370.256    372.785  10.000  9.93123E-01  9.52405E-01  4.28098E-02
    9374.075    376.604  10.050  9.95976E-01  9.51488E-01  4.68145E-02
    9377.914    380.443  10.100  9.93985E-01  9.50570E-01  4.57244E-02
    9381.772    384.300  10.150  9.87651E-01  9.49653E-01  4.00540E-02
    9385.648    388.177  10.200  9.77900E-01  9.48735E-01  3.07694E-02
    9389.544    392.073  10.250  9.65959E-01  9.47818E-01  1.91561E-02
    9393.459    395.987  10.300  9.53201E-01  9.46900E-01  6.65910E-03
    9397.392    399.921  10.350  9.40987E-01  9.45982E-01 -5.28443E-03
    9401.345    403.874  10.400  9.30517E-01  9.45065E-01 -1.54019E-02
    9405.317    407.846  10.450  9.22711E-01  9.44147E-01 -2.27134E-02
    9409.308    411.837  10.500  9.18129E-01  9.43230E-01 -2.66198E-02
    9413.318    415.847  10.550  9.16931E-01  9.42312E-01 -2.69408E-02
    9417.347    419.876  10.600  9.18892E-01  9.41395E-01 -2.39056E-02
    9421.395    423.924  10.650  9.23458E-01  9.40477E-01 -1.80962E-02
    9425.463    427.991  10.700  9.29828E-01  9.39560E-01 -1.03567E-02
    9429.549    432.077  10.750  9.37066E-01  9.38642E-01 -1.67845E-03
    9433.654    436.183  10.800  9.44217E-01  9.37724E-01  6.92127E-03
    9437.778    440.307  10.850  9.50410E-01  9.36807E-01  1.45150E-02
    9441.922    444.450  10.900  9.54954E-01  9.35889E-01  2.03602E-02
    9446.084    448.613  10.950  9.57393E-01  9.34972E-01  2.39656E-02
    9450.266    452.794  11.000  9.57537E-01  9.34054E-01  2.51226E-02
    9454.466    456.995  11.050  9.55333E-01  9.33069E-01  2.38416E-02
    9458.686    461.214  11.100  9.51132E-01  9.32083E-01  2.04177E-02
    9462.924    465.453  11.150  9.45424E-01  9.31098E-01  1.53712E-02
    9467.182    469.711  11.200  9.38809E-01  9.30112E-01  9.34027E-03
    9471.459    473.987  11.250  9.31913E-01  9.29127E-01  2.99452E-03
    9475.754    478.283  11.300  9.25310E-01  9.28141E-01 -3.04634E-03
    9480.069    482.598  11.350  9.19470E-01  9.27156E-01 -8.27872E-03
    9484.403    486.932  11.400  9.14707E-01  9.26171E-01 -1.23593E-02
    9488.756    491.285  11.450  9.11171E-01  9.25185E-01 -1.51237E-02
    9493.128    495.657  11.500  9.08853E-01  9.24200E-01 -1.65784E-02
    9497.519    500.048  11.550  9.07611E-01  9.23214E-01 -1.68721E-02
    9501.929    504.458  11.600  9.07216E-01  9.22229E-01 -1.62494E-02
    9506.358    508.887  11.650  9.07400E-01  9.21243E-01 -1.49981E-02
    9510.806    513.335  11.700  9.07905E-01  9.20258E-01 -1.33961E-02
    9515.273    517.802  11.750  9.08524E-01  9.19272E-01 -1.16680E-02
    9519.760    522.288  11.800  9.09125E-01  9.18287E-01 -9.95520E-03
    9524.265    526.794  11.850  9.09665E-01  9.17301E-01 -8.30585E-03
    9528.789    531.318  11.900  9.10178E-01  9.16316E-01 -6.68198E-03
    9533.333    535.861  11.950  9.10757E-01  9.15330E-01 -4.98408E-03
    9537.895    540.424  12.000  9.11515E-01  9.14345E-01 -3.08673E-03
    9542.477    545.005  12.050  9.12236E-01  9.13078E-01 -9.19838E-04
    9547.077    549.606  12.100  9.13262E-01  9.11810E-01  1.58781E-03
    9551.697    554.226  12.150  9.14593E-01  9.10543E-01  4.43604E-03
    9556.335    558.864  12.200  9.16141E-01  9.09276E-01  7.53019E-03
    9560.993    563.522  12.250  9.17730E-01  9.08009E-01  1.06778E-02
    9565.670    568.199  12.300  9.19109E-01  9.06742E-01  1.36034E-02
    9570.366    572.894  12.350  9.19982E-01  9.05474E-01  1.59801E-02
    9575.081    577.609  12.400  9.20048E-01  9.04207E-01  1.74739E-02
    9579.815    582.343  12.450  9.19049E-01  9.02940E-01  1.77939E-02
    9584.567    587.096  12.500  9.16809E-01  9.01673E-01  1.67427E-02
    9589.339    591.868  12.550  9.13277E-01  9.00406E-01  1.42572E-02
    9594.131    596.659  12.600  9.08545E-01  8.99138E-01  1.04346E-02
    9598.941    601.469  12.650  9.02857E-01  8.97871E-01  5.53844E-03
    9603.770    606.298  12.700  8.96588E-01  8.96604E-01 -1.75962E-05
    9608.618    611.147  12.750  8.90213E-01  8.95337E-01 -5.70752E-03
    9613.485    616.014  12.800  8.84255E-01  8.94069E-01 -1.09483E-02
    9618.372    620.900  12.850  8.79225E-01  8.92802E-01 -1.51666E-02
    9623.277    625.806  12.900  8.75562E-01  8.91535E-01 -1.78685E-02
    9628.201    630.730  12.950  8.73572E-01  8.90268E-01 -1.87039E-02
    9633.145    635.673  13.000  8.73387E-01  8.89001E-01 -1.75163E-02
    9638.107    640.636  13.050  8.74992E-01  8.87828E-01 -1.44182E-02
    9643.089    645.618  13.100  8.78071E-01  8.86654E-01 -9.65456E-03
    9648.089    650.618  13.150  8.82192E-01  8.85481E-01 -3.70422E-03
    9653.109    655.638  13.200  8.86789E-01  8.84308E-01  2.79767E-03
    9658.148    660.676  13.250  8.91218E-01  8.83135E-01  9.12651E-03
    9663.206    665.734  13.300  8.94830E-01  8.81962E-01  1.45487E-02
    9668.282    670.811  13.350  8.97047E-01  8.80789E-01  1.84063E-02
    9673.378    675.907  13.400  8.97431E-01  8.79616E-01  2.01957E-02
    9678.493    681.022  13.450  8.95738E-01  8.78443E-01  1.96315E-02
    9683.627    686.156  13.500  8.91950E-01  8.77270E-01  1.66861E-02
    9688.780    691.309  13.550  8.86290E-01  8.76097E-01  1.16012E-02
    9693.952    696.481  13.600  8.79196E-01  8.74924E-01  4.86822E-03
    9699.143    701.672  13.650  8.71279E-01  8.73751E-01 -2.82052E-03
    9704.353    706.882  13.700  8.63261E-01  8.72577E-01 -1.06449E-02
    9709.583    712.111  13.750  8.55894E-01  8.71404E-01 -1.77462E-02
    9714.831    717.360  13.800  8.49874E-01  8.70231E-01 -2.33222E-02
    9720.098    722.627  13.850  8.45768E-01  8.69058E-01 -2.67180E-02
    9725.384    727.913  13.900  8.43944E-01  8.67885E-01 -2.75013E-02
    9730.690    733.219  13.950  8.44531E-01  8.66712E-01 -2.55136E-02
    9736.014    738.543  14.000  8.47400E-01  8.65539E-01 -2.08915E-02
    9741.358    743.887  14.050  8.52134E-01  8.64327E-01 -1.40629E-02
    9746.720    749.249  14.100  8.58229E-01  8.63115E-01 -5.64307E-03
    9752.102    754.631  14.150  8.64957E-01  8.61902E-01  3.53336E-03
    9757.503    760.031  14.200  8.71518E-01  8.60690E-01  1.25417E-02
    9762.922    765.451  14.250  8.77123E-01  8.59478E-01  2.04667E-02
    9768.361    770.890  14.300  8.81081E-01  8.58266E-01  2.65013E-02
    9773.819    776.348  14.350  8.82874E-01  8.57054E-01  3.00339E-02
    9779.296    781.824  14.400  8.82209E-01  8.55842E-01  3.07143E-02
    9784.792    787.320  14.450  8.79053E-01  8.54629E-01  2.84900E-02
    9790.307    792.835  14.500  8.73629E-01  8.53417E-01  2.36109E-02
    9795.841    798.369  14.550  8.66395E-01  8.52205E-01  1.66000E-02
    9801.394    803.922  14.600  8.57988E-01  8.50993E-01  8.19482E-03
    9806.966    809.494  14.650  8.49155E-01  8.49781E-01 -7.33599E-04
    9812.557    815.086  14.700  8.40673E-01  8.48568E-01 -9.27563E-03
    9818.167    820.696  14.750  8.33264E-01  8.47356E-01 -1.65805E-02
    9823.796    826.325  14.800  8.27518E-01  8.46144E-01 -2.19460E-02
    9829.445    831.973  14.850  8.23838E-01  8.44932E-01 -2.48896E-02
    9835.112    837.641  14.900  8.22398E-01  8.43720E-01 -2.51955E-02
    9840.798    843.327  14.950  8.23130E-01  8.42508E-01 -2.29303E-02
    9846.504    849.033  15.000  8.25744E-01  8.41295E-01 -1.84290E-02
    9852.228    854.757  15.050  8.29661E-01  8.39957E-01 -1.22219E-02
    9857.972    860.501  15.100  8.34397E-01  8.38619E-01 -5.01904E-03
    9863.735    866.263  15.150  8.39271E-01  8.37280E-01  2.37065E-03
    9869.516    872.045  15.200  8.43608E-01  8.35942E-01  9.14388E-03
    9875.317    877.846  15.250  8.46815E-01  8.34604E-01  1.45904E-02
    9881.137    883.665  15.300  8.48446E-01  8.33265E-01  1.81672E-02
    9886.975    889.504  15.350  8.48238E-01  8.31927E-01  1.95526E-02
    9892.833    895.362  15.400  8.46141E-01  8.30588E-01  1.86738E-02
    9898.710    901.239  15.450  8.42309E-01  8.29250E-01  1.57063E-02
    9904.606    907.135  15.500  8.37081E-01  8.27912E-01  1.10461E-02
    9910.521    913.050  15.550  8.30931E-01  8.26573E-01  5.25829E-03
    9916.455    918.984  15.600  8.24416E-01  8.25235E-01 -9.90340E-04
    9922.408    924.937  15.650  8.18108E-01  8.23897E-01 -7.00819E-03
    9928.380    930.909  15.700  8.12536E-01  8.22558E-01 -1.21547E-02
    9934.372    936.900  15.750  8.08124E-01  8.21220E-01 -1.59076E-02
    9940.382    942.911  15.800  8.05158E-01  8.19882E-01 -1.79146E-02
    9946.411    948.940  15.850  8.03755E-01  8.18543E-01 -1.80234E-02
    9952.460    954.988  15.900  8.03862E-01  8.17205E-01 -1.62894E-02
    9958.527    961.056  15.950  8.05269E-01  8.15866E-01 -1.29595E-02
    9964.613    967.142  16.000  8.07641E-01  8.14528E-01 -8.43595E-03
    9970.719    973.248  16.050  8.10645E-01  8.13239E-01 -3.18149E-03
    9976.843    979.372  16.100  8.13762E-01  8.11949E-01  2.22841E-03
    9982.987    985.516  16.150  8.16543E-01  8.10660E-01  7.24149E-03
    9989.150    991.678  16.200  8.18597E-01  8.09370E-01  1.13753E-02
    9995.331    997.860  16.250  8.19632E-01  8.08081E-01  1.42648E-02
   10001.532   1004.061  16.300  8.19480E-01  8.06791E-01  1.56944E-02
   10007.752   1010.281  16.350  8.18103E-01  8.05501E-01  1.56114E-02
   10013.991   1016.519  16.400  8.15591E-01  8.04212E-01  1.41209E-02
   10020.249   1022.777  16.450  8.12146E-01  8.02922E-01  1.14638E-02
   10026.526   1029.054  16.500  8.08044E-01  8.01633E-01  7.98149E-03
   10032.822   1035.350  16.550  8.03608E-01  8.00343E-01  4.07149E-03
   10039.137   1041.665  16.600  7.99167E-01  7.99054E-01  1.41361E-04
   10045.471   1047.999  16.650  7.95018E-01  7.97764E-01 -3.43545E-03
   10051.824   1054.353  16.700  7.91403E-01  7.96475E-01 -6.35596E-03
   10058.196   1060.725  16.750  7.88483E-01  7.95185E-01 -8.41308E-03
   10064.587   1067.116  16.800  7.86334E-01  7.93896E-01 -9.50786E-03
   10070.998   1073.526  16.850  7.84945E-01  7.92606E-01 -9.64868E-03
   10077.427   1079.956  16.900  7.84231E-01  7.91317E-01 -8.93836E-03
   10083.875   1086.404  16.950  7.84050E-01  7.90027E-01 -7.55212E-03
   10090.343   1092.872  17.000  7.84226E-01  7.88738E-01 -5.70989E-03
   10096.829   1099.358  17.050  7.84535E-01  7.87410E-01 -3.64434E-03
   10103.335   1105.864  17.100  7.84841E-01  7.86082E-01 -1.57586E-03
   10109.860   1112.388  17.150  7.84992E-01  7.84754E-01  3.02651E-04
   10116.403   1118.932  17.200  7.84877E-01  7.83426E-01  1.84936E-03
   10122.966   1125.495  17.250  7.84433E-01  7.82098E-01  2.98121E-03
   10129.548   1132.076  17.300  7.83642E-01  7.80770E-01  3.67310E-03
   10136.148   1138.677  17.350  7.82525E-01  7.79442E-01  3.94984E-03
   10142.768   1145.297  17.400  7.81132E-01  7.78114E-01  3.87290E-03
   10149.407   1151.936  17.450  7.79528E-01  7.76786E-01  3.52457E-03
   10156.065   1158.594  17.500  7.77781E-01  7.75457E-01  2.99229E-03
   10162.742   1165.271  17.550  7.75956E-01  7.74129E-01  2.35537E-03
   10169.438   1171.967  17.600  7.74099E-01  7.72801E-01  1.67602E-03
   10176.153   1178.682  17.650  7.72242E-01  7.71473E-01  9.95447E-04
   10182.887   1185.416  17.700  7.70404E-01  7.70145E-01  3.35025E-04
   10189.641   1192.169  17.750  7.68588E-01  7.68817E-01 -2.98394E-04
   10196.413   1198.942  17.800  7.66794E-01  7.67489E-01 -9.04513E-04
   10203.204   1205.733  17.850  7.65025E-01  7.66161E-01 -1.48095E-03
   10210.014   1212.543  17.900  7.63289E-01  7.64833E-01 -2.01583E-03
   10216.844   1219.373  17.950  7.61607E-01  7.63505E-01 -2.48329E-03
   10223.692   1226.221  18.000  7.60007E-01  7.62177E-01 -2.84292E-03
   10230.560   1233.088  18.050  7.58482E-01  7.60800E-01 -3.04382E-03
   10237.446   1239.975  18.100  7.57113E-01  7.59424E-01 -3.03906E-03
   10244.352   1246.881  18.150  7.55939E-01  7.58047E-01 -2.77803E-03
   10251.277   1253.805  18.200  7.54983E-01  7.56671E-01 -2.22721E-03
   10258.220   1260.749  18.250  7.54250E-01  7.55294E-01 -1.38125E-03
   10265.183   1267.712  18.300  7.53713E-01  7.53917E-01 -2.71181E-04
   10272.165   1274.694  18.350  7.53318E-01  7.52541E-01  1.03208E-03
   10279.166   1281.694  18.400  7.52984E-01  7.51164E-01  2.41998E-03
   10286.186   1288.714  18.450  7.52605E-01  7.49787E-01  3.75477E-03
   10293.225   1295.753  18.500  7.52069E-01  7.48411E-01  4.88342E-03
   10300.283   1302.811  18.550  7.51263E-01  7.47034E-01  5.65558E-03
   10307.360   1309.888  18.600  7.50093E-01  7.45658E-01  5.94331E-03
   10314.456   1316.984  18.650  7.48497E-01  7.44281E-01  5.66003E-03
   10321.571   1324.099  18.700  7.46455E-01  7.42904E-01  4.77585E-03
   10328.705   1331.234  18.750  7.43996E-01  7.41528E-01  3.32708E-03
   10335.858   1338.387  18.800  7.41201E-01  7.40151E-01  1.41798E-03
   10343.031   1345.559  18.850  7.38194E-01  7.38774E-01 -7.85869E-04
   10350.222   1352.751  18.900  7.35131E-01  7.37398E-01 -3.07239E-03
   10357.432   1359.961  18.950  7.32189E-01  7.36021E-01 -5.20460E-03
   10364.662   1367.190  19.000  7.29539E-01  7.34645E-01 -6.94667E-03
   10371.910   1374.439  19.050  7.27351E-01  7.33308E-01 -8.12091E-03
   10379.178   1381.706  19.100  7.25719E-01  7.31972E-01 -8.53954E-03
   10386.464   1388.993  19.150  7.24705E-01  7.30636E-01 -8.11614E-03
   10393.770   1396.299  19.200  7.24301E-01  7.29300E-01 -6.85290E-03
   10401.095   1403.623  19.250  7.24437E-01  7.27964E-01 -4.84477E-03
   10408.438   1410.967  19.300  7.24976E-01  7.26628E-01 -2.27292E-03
   10415.801   1418.330  19.350  7.25736E-01  7.25292E-01  6.12329E-04
   10423.183   1425.712  19.400  7.26503E-01  7.23956E-01  3.51720E-03
   10430.584   1433.113  19.450  7.27055E-01  7.22620E-01  6.13616E-03
   10438.004   1440.533  19.500  7.27189E-01  7.21284E-01  8.18593E-03
   10445.443   1447.972  19.550  7.26743E-01  7.19948E-01  9.43792E-03
   10452.901   1455.430  19.600  7.25615E-01  7.18612E-01  9.74520E-03
   10460.378   1462.907  19.650  7.23774E-01  7.17276E-01  9.06062E-03
   10467.874   1470.403  19.700  7.21269E-01  7.15940E-01  7.44398E-03
   10475.389   1477.918  19.750  7.18217E-01  7.14604E-01  5.05705E-03
   10482.924   1485.452  19.800  7.14799E-01  7.13268E-01  2.14694E-03
   10490.477   1493.006  19.850  7.11234E-01  7.11932E-01 -9.80389E-04
   10498.049   1500.578  19.900  7.07759E-01  7.10596E-01 -3.99362E-03
   10505.641   1508.169  19.950  7.04599E-01  7.09260E-01 -6.57260E-03
   10513.251   1515.780  20.000  7.01948E-01  7.07924E-01 -8.44383E-03
