# ferrocene-based macrocycle                                     Feff 8.50L  
# Dinnebier et al,  Organometallics 2001, 20, 5642-5647
# doi:10.1021/om0105066
# POT  SCF  30  4.0000   0, core-hole, AFOLP (folp(0)= 1.150)
# Abs   Z=26 Rmt= 1.259 Rnm= 1.308 K  shell
# Pot 1 Z=26 Rmt= 1.298 Rnm= 1.358
# Pot 2 Z= 6 Rmt= 0.856 Rnm= 1.054
# Pot 3 Z= 5 Rmt= 0.932 Rnm= 1.069
# Pot 4 Z= 7 Rmt= 0.778 Rnm= 0.961
# Pot 5 Z= 8 Rmt= 0.780 Rnm= 0.992
# Pot 6 Z= 1 Rmt= 0.751 Rnm= 0.908
# Gam_ch=1.309E+00 H-L exch
# Mu=-8.153E+00 kf=2.415E+00 Vint=-1.737E+01 Rs_int= 1.502
# PATH  Rmax= 3.000,  Keep_limit= 0.00, Heap_limit 0.00  Pwcrit= 2.50%
#  S02=0.941                                        Global_sig2= 0.00000
#  Curved wave amplitude ratio filter   4.000%
#     file         sig2 tot  cw amp ratio   deg  nlegs   reff  inp sig2
#           1       0.00000    100.00      1.00     2   2.0264
#           2       0.00000     98.80      1.00     2   2.0369
#           3       0.00000     96.85      1.00     2   2.0542
#           4       0.00000     96.75      1.00     2   2.0550
#           5       0.00000     94.97      1.00     2   2.0714
#           6       0.00000     93.95      1.00     2   2.0808
#           7       0.00000     93.60      1.00     2   2.0842
#           8       0.00000     93.52      1.00     2   2.0849
#           9       0.00000     93.27      1.00     2   2.0873
#          10       0.00000     92.00      1.00     2   2.0995
#          11       0.00000     65.67      2.00     3   2.7457
#          12       0.00000     64.71      2.00     3   2.7586
#          13       0.00000     62.64      2.00     3   2.7757
#          14       0.00000     62.70      2.00     3   2.7795
#          15       0.00000     10.14      1.00     2   2.7842
#          16       0.00000     62.40      2.00     3   2.7852
#          17       0.00000     61.73      2.00     3   2.7898
#          18       0.00000     10.05      1.00     2   2.7946
#          19       0.00000     10.03      1.00     2   2.7966
#          20       0.00000     61.05      2.00     3   2.7976
#          21       0.00000     60.79      2.00     3   2.8026
#          22       0.00000     60.78      2.00     3   2.8060
#          23       0.00000     60.98      2.00     3   2.8060
#          24       0.00000      9.93      1.00     2   2.8080
#          25       0.00000      9.82      1.00     2   2.8217
#          26       0.00000      9.74      1.00     2   2.8308
#          27       0.00000      9.71      1.00     2   2.8345
#          28       0.00000      9.55      1.00     2   2.8537
#          29       0.00000     23.17      2.00     3   2.9476
#          30       0.00000     22.97      2.00     3   2.9597
#          31       0.00000     22.08      2.00     3   2.9660
#          32       0.00000     22.39      2.00     3   2.9743
#          33       0.00000     22.34      2.00     3   2.9940
#          34       0.00000     21.53      2.00     3   2.9938
#    34/  34 paths used
#  -----------------------------------------------------------------------
#       k          chi          mag           phase @#
     0.0000   -1.085011E+00  1.259054E+00 -1.038742E+00
     0.0500   -1.073117E+00  1.251439E+00 -1.030403E+00
     0.1000   -1.061220E+00  1.243832E+00 -1.022063E+00
     0.1500   -1.025899E+00  1.221204E+00 -9.974162E-01
     0.2000   -9.906190E-01  1.198655E+00 -9.727590E-01
     0.2500   -9.335284E-01  1.161917E+00 -9.330476E-01
     0.3000   -8.768994E-01  1.125418E+00 -8.933508E-01
     0.3500   -8.017858E-01  1.076176E+00 -8.405833E-01
     0.4000   -7.283866E-01  1.027442E+00 -7.879826E-01
     0.4500   -6.422178E-01  9.688794E-01 -7.246133E-01
     0.5000   -5.599476E-01  9.111947E-01 -6.617777E-01
     0.5500   -4.715910E-01  8.448202E-01 -5.922325E-01
     0.6000   -3.904376E-01  7.798678E-01 -5.243447E-01
     0.6500   -3.110205E-01  7.101083E-01 -4.533619E-01
     0.7000   -2.420221E-01  6.424386E-01 -3.862572E-01
     0.7500   -1.810762E-01  5.732752E-01 -3.213657E-01
     0.8000   -1.327907E-01  5.071190E-01 -2.649419E-01
     0.8500   -9.606854E-02  4.429269E-01 -2.186324E-01
     0.9000   -7.241582E-02  3.832453E-01 -1.900971E-01
     0.9500   -6.032091E-02  3.292312E-01 -1.842583E-01
     1.0000   -5.958640E-02  2.826405E-01 -2.124142E-01
     1.0500   -6.738636E-02  2.465916E-01 -2.767920E-01
     1.1000   -8.300277E-02  2.227091E-01 -3.819126E-01
     1.1500   -1.022053E-01  2.131228E-01 -5.001538E-01
     1.2000   -1.246460E-01  2.167456E-01 -6.127014E-01
     1.2500   -1.452443E-01  2.300833E-01 -6.831876E-01
     1.3000   -1.644523E-01  2.504410E-01 -7.163692E-01
     1.3500   -1.772043E-01  2.730105E-01 -7.063680E-01
     1.4000   -1.847889E-01  2.976811E-01 -6.697131E-01
     1.4500   -1.829303E-01  3.206431E-01 -6.071276E-01
     1.5000   -1.736239E-01  3.436557E-01 -5.296443E-01
     1.5500   -1.539252E-01  3.635610E-01 -4.371754E-01
     1.6000   -1.262602E-01  3.827905E-01 -3.361357E-01
     1.6500   -8.932991E-02  3.984873E-01 -2.260939E-01
     1.7000   -4.564804E-02  4.133067E-01 -1.106717E-01
     1.7500    4.521141E-03  4.246033E-01  1.064812E-02
     1.8000    5.883344E-02  4.350329E-01  1.356547E-01
     1.8500    1.157330E-01  4.421205E-01  2.648537E-01
     1.9000    1.732994E-01  4.484434E-01  3.967755E-01
     1.9500    2.291791E-01  4.517328E-01  5.320875E-01
     2.0000    2.820080E-01  4.544006E-01  6.695271E-01
     2.0500    3.281145E-01  4.530351E-01  8.099583E-01
     2.1000    3.675633E-01  4.512736E-01  9.518706E-01
     2.1500    3.993279E-01  4.491362E-01  1.095379E+00
     2.2000    4.225152E-01  4.466416E-01  1.240612E+00
     2.2500    4.323413E-01  4.396140E-01  1.388647E+00
     2.3000    4.322840E-01  4.325215E-01  1.537655E+00
     2.3500    4.224736E-01  4.253818E-01  1.687796E+00
     2.4000    4.032317E-01  4.182100E-01  1.839240E+00
     2.4500    3.715352E-01  4.073707E-01  1.993380E+00
     2.5000    3.323849E-01  3.967300E-01  2.148331E+00
     2.5500    2.869604E-01  3.862870E-01  2.304248E+00
     2.6000    2.365365E-01  3.760388E-01  2.461299E+00
     2.6500    1.828184E-01  3.611878E-01  2.610868E+00
     2.7000    1.286164E-01  3.466051E-01  2.761427E+00
     2.7500    7.523864E-02  3.322759E-01  2.913177E+00
     2.8000    2.392022E-02  3.181845E-01  3.066344E+00
     2.8500   -2.388281E-02  3.047891E-01  3.220032E+00
     2.9000   -6.732765E-02  2.919366E-01  3.374312E+00
     2.9500   -1.056785E-01  2.796087E-01  3.529175E+00
     3.0000   -1.383693E-01  2.677853E-01  3.684605E+00
     3.0500   -1.637131E-01  2.542411E-01  3.841214E+00
     3.1000   -1.821487E-01  2.410298E-01  3.998331E+00
     3.1500   -1.937239E-01  2.281387E-01  4.155966E+00
     3.2000   -1.986844E-01  2.155542E-01  4.314130E+00
     3.2500   -1.975349E-01  2.037675E-01  4.464420E+00
     3.3000   -1.911429E-01  1.920600E-01  4.614623E+00
     3.3500   -1.801802E-01  1.804273E-01  4.764731E+00
     3.4000   -1.654197E-01  1.688648E-01  4.914734E+00
     3.4500   -1.507374E-01  1.600867E-01  5.055840E+00
     3.5000   -1.339790E-01  1.513484E-01  5.196185E+00
     3.5500   -1.158265E-01  1.426464E-01  5.335644E+00
     3.6000   -9.695817E-02  1.339779E-01  5.474054E+00
     3.6500   -8.006474E-02  1.282363E-01  5.608882E+00
     3.7000   -6.298729E-02  1.225276E-01  5.743267E+00
     3.7500   -4.615094E-02  1.168432E-01  5.877137E+00
     3.8000   -2.995227E-02  1.111750E-01  6.010399E+00
     3.8500   -1.491008E-02  1.076552E-01  6.144240E+00
     3.9000   -4.775522E-04  1.041165E-01  6.278599E+00
     3.9500    1.306169E-02  1.005450E-01  6.413462E+00
     4.0000    2.544430E-02  9.692773E-02  6.548806E+00
     4.0500    3.721204E-02  9.481254E-02  6.686512E+00
     4.1000    4.779386E-02  9.262012E-02  6.825384E+00
     4.1500    5.695927E-02  9.033886E-02  6.965391E+00
     4.2000    6.450911E-02  8.795855E-02  7.106501E+00
     4.2500    7.131094E-02  8.668419E-02  7.249246E+00
     4.3000    7.641086E-02  8.530485E-02  7.393275E+00
     4.3500    7.967829E-02  8.381383E-02  7.538536E+00
     4.4000    8.103437E-02  8.220561E-02  7.684975E+00
     4.4500    8.131276E-02  8.133100E-02  7.832806E+00
     4.5000    7.968825E-02  8.034336E-02  7.981770E+00
     4.5500    7.620127E-02  7.923982E-02  8.131808E+00
     4.6000    7.095220E-02  7.801831E-02  8.282866E+00
     4.6500    6.466028E-02  7.741283E-02  8.436162E+00
     4.7000    5.683425E-02  7.670462E-02  8.590295E+00
     4.7500    4.769547E-02  7.589320E-02  8.745212E+00
     4.8000    3.750943E-02  7.497853E-02  8.900869E+00
     4.8500    2.668092E-02  7.447641E-02  9.058389E+00
     4.9000    1.528245E-02  7.388944E-02  9.216446E+00
     4.9500    3.643067E-03  7.321822E-02  9.375001E+00
     5.0000   -7.900401E-03  7.246354E-02  9.534021E+00
     5.0500   -1.918186E-02  7.194770E-02  9.694650E+00
     5.1000   -2.980345E-02  7.136537E-02  9.855600E+00
     5.1500   -3.946573E-02  7.071737E-02  1.001684E+01
     5.2000   -4.790100E-02  7.000462E-02  1.017836E+01
     5.2500   -5.510117E-02  6.941590E-02  1.034178E+01
     5.3000   -6.067951E-02  6.877813E-02  1.050540E+01
     5.3500   -6.449723E-02  6.809192E-02  1.066919E+01
     5.4000   -6.647130E-02  6.735791E-02  1.083314E+01
     5.4500   -6.668053E-02  6.668072E-02  1.099796E+01
     5.5000   -6.504492E-02  6.596647E-02  1.116292E+01
     5.5500   -6.164510E-02  6.521551E-02  1.132800E+01
     5.6000   -5.661437E-02  6.442824E-02  1.149320E+01
     5.6500   -5.014787E-02  6.365030E-02  1.165904E+01
     5.7000   -4.243799E-02  6.284265E-02  1.182499E+01
     5.7500   -3.373735E-02  6.200552E-02  1.199105E+01
     5.8000   -2.432412E-02  6.113921E-02  1.215720E+01
     5.8500   -1.443914E-02  6.023332E-02  1.232429E+01
     5.9000   -4.436365E-03  5.930138E-02  1.249149E+01
     5.9500    5.383589E-03  5.834369E-02  1.265878E+01
     6.0000    1.473313E-02  5.736063E-02  1.282613E+01
     6.0500    2.341583E-02  5.637922E-02  1.299467E+01
     6.1000    3.112549E-02  5.537081E-02  1.316333E+01
     6.1500    3.765724E-02  5.433594E-02  1.333207E+01
     6.2000    4.285015E-02  5.327525E-02  1.350089E+01
     6.2500    4.659171E-02  5.218948E-02  1.366976E+01
     6.3000    4.882053E-02  5.107943E-02  1.383866E+01
     6.3500    4.952708E-02  4.994600E-02  1.400756E+01
     6.4000    4.875256E-02  4.879017E-02  1.417643E+01
     6.4500    4.658583E-02  4.761299E-02  1.434526E+01
     6.5000    4.315877E-02  4.641558E-02  1.451400E+01
     6.5500    3.865918E-02  4.531640E-02  1.468607E+01
     6.6000    3.319003E-02  4.418507E-02  1.485815E+01
     6.6500    2.697979E-02  4.302429E-02  1.503016E+01
     6.7000    2.027409E-02  4.183692E-02  1.520206E+01
     6.7500    1.332499E-02  4.062602E-02  1.537379E+01
     6.8000    6.380448E-03  3.939477E-02  1.554528E+01
     6.8500   -3.255956E-04  3.814644E-02  1.571650E+01
     6.9000   -6.581992E-03  3.688442E-02  1.588737E+01
     6.9500   -1.220768E-02  3.561210E-02  1.605785E+01
     7.0000   -1.705718E-02  3.433293E-02  1.622789E+01
     7.0500   -2.129851E-02  3.329392E-02  1.640209E+01
     7.1000   -2.459792E-02  3.223214E-02  1.657614E+01
     7.1500   -2.689555E-02  3.115037E-02  1.674995E+01
     7.2000   -2.817463E-02  3.005163E-02  1.692346E+01
     7.2500   -2.846003E-02  2.893906E-02  1.709656E+01
     7.3000   -2.781468E-02  2.781596E-02  1.726917E+01
     7.3500   -2.633442E-02  2.668571E-02  1.744120E+01
     7.4000   -2.414147E-02  2.555176E-02  1.761255E+01
     7.4500   -2.137694E-02  2.441755E-02  1.778314E+01
     7.5000   -1.819298E-02  2.328653E-02  1.795286E+01
     7.5500   -1.490295E-02  2.249165E-02  1.812527E+01
     7.6000   -1.138681E-02  2.169460E-02  1.829700E+01
     7.6500   -7.782498E-03  2.089723E-02  1.846794E+01
     7.7000   -4.220543E-03  2.010146E-02  1.863802E+01
     7.7500   -8.191090E-04  1.930927E-02  1.880712E+01
     7.8000    2.320086E-03  1.852264E-02  1.897514E+01
     7.8500    5.114755E-03  1.774364E-02  1.914196E+01
     7.9000    7.503871E-03  1.697432E-02  1.930746E+01
     7.9500    9.448318E-03  1.621676E-02  1.947151E+01
     8.0000    1.093041E-02  1.547305E-02  1.963398E+01
     8.0500    1.223906E-02  1.504444E-02  1.979975E+01
     8.1000    1.313563E-02  1.462955E-02  1.996449E+01
     8.1500    1.362643E-02  1.422925E-02  2.012823E+01
     8.2000    1.372860E-02  1.384430E-02  2.029098E+01
     8.2500    1.346825E-02  1.347534E-02  2.045278E+01
     8.3000    1.287843E-02  1.312289E-02  2.061367E+01
     8.3500    1.199717E-02  1.278734E-02  2.077374E+01
     8.4000    1.086578E-02  1.246893E-02  2.093304E+01
     8.4500    9.527276E-03  1.216772E-02  2.109168E+01
     8.5000    8.025183E-03  1.188364E-02  2.124976E+01
     8.5500    6.442528E-03  1.178464E-02  2.141274E+01
     8.6000    4.718016E-03  1.169829E-02  2.157602E+01
     8.6500    2.892189E-03  1.162379E-02  2.173969E+01
     8.7000    1.007834E-03  1.156027E-02  2.190386E+01
     8.7500   -8.904081E-04  1.150676E-02  2.206861E+01
     8.8000   -2.756573E-03  1.146224E-02  2.223402E+01
     8.8500   -4.544069E-03  1.142565E-02  2.240017E+01
     8.9000   -6.206569E-03  1.139591E-02  2.256710E+01
     8.9500   -7.699083E-03  1.137192E-02  2.273486E+01
     9.0000   -8.979215E-03  1.135259E-02  2.290349E+01
     9.0500   -1.006227E-02  1.138098E-02  2.307578E+01
     9.1000   -1.085785E-02  1.141215E-02  2.324899E+01
     9.1500   -1.133504E-02  1.144514E-02  2.342313E+01
     9.2000   -1.147146E-02  1.147900E-02  2.359819E+01
     9.2500   -1.125464E-02  1.151286E-02  2.377414E+01
     9.3000   -1.068316E-02  1.154587E-02  2.395097E+01
     9.3500   -9.767465E-03  1.157724E-02  2.412864E+01
     9.4000   -8.530109E-03  1.160624E-02  2.430713E+01
     9.4500   -7.005634E-03  1.163217E-02  2.448641E+01
     9.5000   -5.239826E-03  1.165442E-02  2.466642E+01
     9.5500   -3.308243E-03  1.164870E-02  2.484478E+01
     9.6000   -1.264958E-03  1.164018E-02  2.502385E+01
     9.6500    8.236314E-04  1.162828E-02  2.520363E+01
     9.7000    2.888000E-03  1.161247E-02  2.538408E+01
     9.7500    4.858002E-03  1.159229E-02  2.556516E+01
     9.8000    6.665523E-03  1.156730E-02  2.574686E+01
     9.8500    8.247160E-03  1.153712E-02  2.592913E+01
     9.9000    9.546806E-03  1.150141E-02  2.611195E+01
     9.9500    1.051801E-02  1.145989E-02  2.629527E+01
    10.0000    1.112601E-02  1.141231E-02  2.647907E+01
    10.0500    1.130369E-02  1.131495E-02  2.665891E+01
    10.1000    1.110955E-02  1.121267E-02  2.683926E+01
    10.1500    1.055337E-02  1.110522E-02  2.702011E+01
    10.2000    9.657811E-03  1.099241E-02  2.720143E+01
    10.2500    8.457634E-03  1.087407E-02  2.738321E+01
    10.3000    6.998471E-03  1.075008E-02  2.756541E+01
    10.3500    5.335088E-03  1.062034E-02  2.774802E+01
    10.4000    3.529270E-03  1.048481E-02  2.793102E+01
    10.4500    1.647403E-03  1.034345E-02  2.811438E+01
    10.5000   -2.421485E-04  1.019629E-02  2.829808E+01
    10.5500   -2.071748E-03  1.004336E-02  2.848211E+01
    10.6000   -3.777161E-03  9.884739E-03  2.866642E+01
    10.6500   -5.300073E-03  9.720516E-03  2.885102E+01
    10.7000   -6.590342E-03  9.550821E-03  2.903586E+01
    10.7500   -7.607878E-03  9.375803E-03  2.922094E+01
    10.8000   -8.324074E-03  9.195635E-03  2.940623E+01
    10.8500   -8.722726E-03  9.010512E-03  2.959171E+01
    10.9000   -8.800400E-03  8.820646E-03  2.977736E+01
    10.9500   -8.566246E-03  8.626270E-03  2.996317E+01
    11.0000   -8.041268E-03  8.427633E-03  3.014910E+01
    11.0500   -7.294477E-03  8.263098E-03  3.033418E+01
    11.1000   -6.325431E-03  8.095198E-03  3.051905E+01
    11.1500   -5.178871E-03  7.924275E-03  3.070367E+01
    11.2000   -3.904368E-03  7.750682E-03  3.088800E+01
    11.2500   -2.554071E-03  7.574783E-03  3.107201E+01
    11.3000   -1.180451E-03  7.396949E-03  3.125566E+01
    11.3500    1.658580E-04  7.217555E-03  3.143891E+01
    11.4000    1.438023E-03  7.036982E-03  3.162173E+01
    11.4500    2.594696E-03  6.855614E-03  3.180408E+01
    11.5000    3.601365E-03  6.673836E-03  3.198592E+01
    11.5500    4.431317E-03  6.492034E-03  3.216721E+01
    11.6000    5.066199E-03  6.310590E-03  3.234792E+01
    11.6500    5.496179E-03  6.129884E-03  3.252800E+01
    11.7000    5.719719E-03  5.950290E-03  3.270743E+01
    11.7500    5.743013E-03  5.772176E-03  3.288616E+01
    11.8000    5.579131E-03  5.595900E-03  3.306416E+01
    11.8500    5.246936E-03  5.421809E-03  3.324139E+01
    11.9000    4.769855E-03  5.250239E-03  3.341783E+01
    11.9500    4.174555E-03  5.081509E-03  3.359345E+01
    12.0000    3.489621E-03  4.915924E-03  3.376822E+01
    12.0500    2.738284E-03  4.818996E-03  3.395317E+01
    12.1000    1.930255E-03  4.724958E-03  3.413668E+01
    12.1500    1.096073E-03  4.634562E-03  3.431876E+01
    12.2000    2.641489E-04  4.548539E-03  3.449941E+01
    12.2500   -5.400792E-04  4.467581E-03  3.467870E+01
    12.3000   -1.294648E-03  4.392326E-03  3.485672E+01
    12.3500   -1.981254E-03  4.323340E-03  3.503357E+01
    12.4000   -2.585165E-03  4.261098E-03  3.520941E+01
    12.4500   -3.094929E-03  4.205967E-03  3.538443E+01
    12.5000   -3.501961E-03  4.158193E-03  3.555884E+01
    12.5500   -3.800097E-03  4.117892E-03  3.573287E+01
    12.6000   -3.985201E-03  4.085035E-03  3.590678E+01
    12.6500   -4.054879E-03  4.059458E-03  3.608081E+01
    12.7000   -4.008356E-03  4.040856E-03  3.625523E+01
    12.7500   -3.846526E-03  4.028796E-03  3.643027E+01
    12.8000   -3.572166E-03  4.022729E-03  3.660614E+01
    12.8500   -3.190280E-03  4.022010E-03  3.678306E+01
    12.9000   -2.708508E-03  4.025913E-03  3.696117E+01
    12.9500   -2.137521E-03  4.033653E-03  3.714060E+01
    13.0000   -1.491340E-03  4.044410E-03  3.732146E+01
    13.0500   -7.850657E-04  4.026577E-03  3.750288E+01
    13.1000   -5.929389E-05  4.008329E-03  3.768432E+01
    13.1500    6.616450E-04  3.989879E-03  3.786571E+01
    13.2000    1.354046E-03  3.971487E-03  3.804703E+01
    13.2500    1.995675E-03  3.953438E-03  3.822826E+01
    13.3000    2.566470E-03  3.936031E-03  3.840939E+01
    13.3500    3.049095E-03  3.919564E-03  3.859046E+01
    13.4000    3.429321E-03  3.904313E-03  3.877149E+01
    13.4500    3.696260E-03  3.890522E-03  3.895257E+01
    13.5000    3.842486E-03  3.878382E-03  3.913375E+01
    13.5500    3.864066E-03  3.868022E-03  3.931514E+01
    13.6000    3.760548E-03  3.859497E-03  3.949684E+01
    13.6500    3.534926E-03  3.852782E-03  3.967896E+01
    13.7000    3.193610E-03  3.847763E-03  3.986161E+01
    13.7500    2.746392E-03  3.844243E-03  4.004491E+01
    13.8000    2.206392E-03  3.841942E-03  4.022897E+01
    13.8500    1.589958E-03  3.840504E-03  4.041386E+01
    13.9000    9.164750E-04  3.839504E-03  4.059968E+01
    13.9500    2.080337E-04  3.838464E-03  4.078648E+01
    14.0000   -5.110706E-04  3.836867E-03  4.097430E+01
    14.0500   -1.160023E-03  3.819044E-03  4.114933E+01
    14.1000   -1.767551E-03  3.798899E-03  4.132466E+01
    14.1500   -2.313957E-03  3.776403E-03  4.150023E+01
    14.2000   -2.781740E-03  3.751554E-03  4.167599E+01
    14.2500   -3.156266E-03  3.724369E-03  4.185189E+01
    14.3000   -3.426319E-03  3.694892E-03  4.202787E+01
    14.3500   -3.584510E-03  3.663184E-03  4.220387E+01
    14.4000   -3.627511E-03  3.629329E-03  4.237985E+01
    14.4500   -3.556113E-03  3.593428E-03  4.255574E+01
    14.5000   -3.375110E-03  3.555601E-03  4.273149E+01
    14.5500   -3.093017E-03  3.515984E-03  4.290706E+01
    14.6000   -2.721632E-03  3.474728E-03  4.308240E+01
    14.6500   -2.275488E-03  3.431998E-03  4.325745E+01
    14.7000   -1.771199E-03  3.387972E-03  4.343218E+01
    14.7500   -1.226757E-03  3.342836E-03  4.360654E+01
    14.8000   -6.608072E-04  3.296786E-03  4.378049E+01
    14.8500   -9.193601E-05  3.250024E-03  4.395401E+01
    14.9000    4.619980E-04  3.202758E-03  4.412705E+01
    14.9500    9.844545E-04  3.155197E-03  4.429961E+01
    15.0000    1.460710E-03  3.107550E-03  4.447165E+01
    15.0500    1.882286E-03  3.076159E-03  4.464075E+01
    15.1000    2.239844E-03  3.044378E-03  4.480904E+01
    15.1500    2.525456E-03  3.012497E-03  4.497650E+01
    15.2000    2.733794E-03  2.980803E-03  4.514313E+01
    15.2500    2.862080E-03  2.949578E-03  4.530891E+01
    15.3000    2.909943E-03  2.919097E-03  4.547388E+01
    15.3500    2.879200E-03  2.889620E-03  4.563805E+01
    15.4000    2.773593E-03  2.861392E-03  4.580146E+01
    15.4500    2.598494E-03  2.834636E-03  4.596416E+01
    15.5000    2.360605E-03  2.809550E-03  4.612622E+01
    15.5500    2.067673E-03  2.786305E-03  4.628772E+01
    15.6000    1.728228E-03  2.765041E-03  4.644872E+01
    15.6500    1.351361E-03  2.745863E-03  4.660934E+01
    15.7000    9.465353E-04  2.728841E-03  4.676966E+01
    15.7500    5.234400E-04  2.714005E-03  4.692981E+01
    15.8000    9.186815E-05  2.701352E-03  4.708988E+01
    15.8500   -3.383809E-04  2.690836E-03  4.724998E+01
    15.9000   -7.575922E-04  2.682380E-03  4.741022E+01
    15.9500   -1.156229E-03  2.675870E-03  4.757070E+01
    16.0000   -1.525043E-03  2.671163E-03  4.773153E+01
    16.0500   -1.869484E-03  2.665605E-03  4.790116E+01
    16.1000   -2.160356E-03  2.661387E-03  4.807102E+01
    16.1500   -2.389664E-03  2.658406E-03  4.824116E+01
    16.2000   -2.550845E-03  2.656540E-03  4.841165E+01
    16.2500   -2.638972E-03  2.655652E-03  4.858255E+01
    16.3000   -2.650939E-03  2.655591E-03  4.875388E+01
    16.3500   -2.585634E-03  2.656195E-03  4.892570E+01
    16.4000   -2.444068E-03  2.657296E-03  4.909802E+01
    16.4500   -2.229462E-03  2.658719E-03  4.927087E+01
    16.5000   -1.947276E-03  2.660286E-03  4.944426E+01
    16.5500   -1.605155E-03  2.661822E-03  4.961819E+01
    16.6000   -1.212806E-03  2.663152E-03  4.979266E+01
    16.6500   -7.817724E-04  2.664105E-03  4.996765E+01
    16.7000   -3.251336E-04  2.664520E-03  5.014315E+01
    16.7500    1.428868E-04  2.664242E-03  5.031914E+01
    16.8000    6.073807E-04  2.663126E-03  5.049558E+01
    16.8500    1.053273E-03  2.661040E-03  5.067243E+01
    16.9000    1.465870E-03  2.657863E-03  5.084967E+01
    16.9500    1.831424E-03  2.653489E-03  5.102724E+01
    17.0000    2.137675E-03  2.647826E-03  5.120510E+01
    17.0500    2.376486E-03  2.639473E-03  5.138609E+01
    17.1000    2.535097E-03  2.629802E-03  5.156709E+01
    17.1500    2.608631E-03  2.618814E-03  5.174807E+01
    17.2000    2.595332E-03  2.606519E-03  5.192896E+01
    17.2500    2.496602E-03  2.592942E-03  5.210973E+01
    17.3000    2.316916E-03  2.578121E-03  5.229031E+01
    17.3500    2.063598E-03  2.562104E-03  5.247067E+01
    17.4000    1.746480E-03  2.544956E-03  5.265075E+01
    17.4500    1.377470E-03  2.526750E-03  5.283050E+01
    17.5000    9.700317E-04  2.507576E-03  5.300987E+01
    17.5500    5.386251E-04  2.487531E-03  5.318882E+01
    17.6000    9.812005E-05  2.466729E-03  5.336729E+01
    17.6500   -3.367800E-04  2.445289E-03  5.354524E+01
    17.7000   -7.520803E-04  2.423346E-03  5.372263E+01
    17.7500   -1.134978E-03  2.401040E-03  5.389943E+01
    17.8000   -1.474268E-03  2.378522E-03  5.407560E+01
    17.8500   -1.760656E-03  2.355950E-03  5.425110E+01
    17.9000   -1.986970E-03  2.333486E-03  5.442592E+01
    17.9500   -2.148276E-03  2.311299E-03  5.460004E+01
    18.0000   -2.241889E-03  2.289560E-03  5.477345E+01
    18.0500   -2.271202E-03  2.271978E-03  5.495173E+01
    18.1000   -2.229215E-03  2.255034E-03  5.512934E+01
    18.1500   -2.119223E-03  2.238884E-03  5.530629E+01
    18.2000   -1.946394E-03  2.223682E-03  5.548261E+01
    18.2500   -1.717482E-03  2.209575E-03  5.565832E+01
    18.3000   -1.440521E-03  2.196703E-03  5.583347E+01
    18.3500   -1.124523E-03  2.185196E-03  5.600812E+01
    18.4000   -7.791826E-04  2.175173E-03  5.618231E+01
    18.4500   -4.146090E-04  2.166736E-03  5.635613E+01
    18.5000   -4.108446E-05  2.159971E-03  5.652965E+01
    18.5500    3.311480E-04  2.154949E-03  5.670295E+01
    18.6000    6.920692E-04  2.151717E-03  5.687612E+01
    18.6500    1.032046E-03  2.150304E-03  5.704927E+01
    18.7000    1.341981E-03  2.150717E-03  5.722248E+01
    18.7500    1.613453E-03  2.152941E-03  5.739585E+01
    18.8000    1.838858E-03  2.156940E-03  5.756948E+01
    18.8500    2.011561E-03  2.162654E-03  5.774345E+01
    18.9000    2.126055E-03  2.170008E-03  5.791785E+01
    18.9500    2.178128E-03  2.178904E-03  5.809277E+01
    19.0000    2.165036E-03  2.189228E-03  5.826827E+01
    19.0500    2.072752E-03  2.190652E-03  5.844904E+01
    19.1000    1.913174E-03  2.193232E-03  5.863036E+01
    19.1500    1.690369E-03  2.196847E-03  5.881228E+01
    19.2000    1.410430E-03  2.201366E-03  5.899484E+01
    19.2500    1.081418E-03  2.206650E-03  5.917809E+01
    19.3000    7.132302E-04  2.212557E-03  5.936204E+01
    19.3500    3.173924E-04  2.218938E-03  5.954673E+01
    19.4000   -9.323127E-05  2.225646E-03  5.973216E+01
    19.4500   -5.048057E-04  2.232528E-03  5.991835E+01
    19.5000   -9.029686E-04  2.239437E-03  6.010528E+01
    19.5500   -1.273335E-03  2.246226E-03  6.029297E+01
    19.6000   -1.602045E-03  2.252749E-03  6.048139E+01
    19.6500   -1.876336E-03  2.258869E-03  6.067054E+01
    19.7000   -2.085104E-03  2.264450E-03  6.086039E+01
    19.7500   -2.219438E-03  2.269364E-03  6.105091E+01
    19.8000   -2.273080E-03  2.273489E-03  6.124208E+01
    19.8500   -2.242797E-03  2.276712E-03  6.143388E+01
    19.9000   -2.128637E-03  2.278924E-03  6.162625E+01
    19.9500   -1.934032E-03  2.280028E-03  6.181918E+01
    20.0000   -1.665766E-03  2.279933E-03  6.201262E+01
