# Copper example                                                 Feff 8.50L  
# POT  SCF  30  4.0000   0, core-hole, AFOLP (folp(0)= 1.150)
# Abs   Z=29 Rmt= 1.449 Rnm= 1.502 K  shell
# Pot 1 Z=29 Rmt= 1.354 Rnm= 1.391
# Gam_ch=1.729E+00 H-L exch
# Mu=-7.964E+00 kf=1.982E+00 Vint=-1.706E+01 Rs_int= 1.830
# PATH  Rmax= 5.200,  Keep_limit= 0.00, Heap_limit 0.00  Pwcrit= 2.50%
#  S02=0.950                                        Global_sig2= 0.00000
#  Curved wave amplitude ratio filter   4.000%
#     file         sig2 tot  cw amp ratio   deg  nlegs   reff  inp sig2
#           1       0.00000    100.00     12.00     2   2.5527
#           2       0.00000     22.76      6.00     2   3.6100
#           3       0.00000     10.17     48.00     3   3.8290
#           4       0.00000      7.08     48.00     3   4.3577
#           5       0.00000     54.83     24.00     2   4.4213
#           6       0.00000     10.81     48.00     3   4.7633
#           7       0.00000     16.60     96.00     3   4.7633
#           8       0.00000     18.70     12.00     2   5.1053
#           9       0.00000      8.30     12.00     3   5.1053
#          10       0.00000     41.38     24.00     3   5.1053
#          11       0.00000      9.43     12.00     4   5.1053
#          14       0.00000     33.79     12.00     4   5.1053
#    12/  13 paths used
#  xsedge+50, used to normalize mu           2.4747E-04
#  -----------------------------------------------------------------------
#  omega    e    k    mu    mu0     chi     @#
    8988.447     -7.964   0.000  2.25908E-01  4.31717E-01 -2.55034E-01
    8988.456     -7.955   0.050  2.30934E-01  4.37720E-01 -2.55942E-01
    8988.485     -7.926   0.100  2.35958E-01  4.43722E-01 -2.56850E-01
    8988.532     -7.879   0.150  2.50765E-01  4.61512E-01 -2.59629E-01
    8988.599     -7.812   0.200  2.65567E-01  4.79301E-01 -2.62394E-01
    8988.685     -7.726   0.250  2.88577E-01  5.07341E-01 -2.67086E-01
    8988.789     -7.622   0.300  3.11620E-01  5.35382E-01 -2.71685E-01
    8988.913     -7.498   0.350  3.38144E-01  5.68840E-01 -2.78079E-01
    8989.056     -7.355   0.400  3.64859E-01  6.02297E-01 -2.84151E-01
    8989.218     -7.193   0.450  3.89165E-01  6.34817E-01 -2.91473E-01
    8989.399     -7.012   0.500  4.14023E-01  6.67337E-01 -2.98020E-01
    8989.599     -6.812   0.550  4.33743E-01  6.95204E-01 -3.04742E-01
    8989.818     -6.593   0.600  4.54610E-01  7.23070E-01 -3.10017E-01
    8990.056     -6.355   0.650  4.71374E-01  7.45883E-01 -3.13956E-01
    8990.313     -6.098   0.700  4.90024E-01  7.68696E-01 -3.15683E-01
    8990.590     -5.821   0.750  5.07126E-01  7.87388E-01 -3.14474E-01
    8990.885     -5.526   0.800  5.26771E-01  8.06080E-01 -3.10463E-01
    8991.199     -5.212   0.850  5.47195E-01  8.21575E-01 -3.02262E-01
    8991.533     -4.878   0.900  5.70445E-01  8.37071E-01 -2.91122E-01
    8991.885     -4.526   0.950  5.95741E-01  8.50045E-01 -2.75432E-01
    8992.257     -4.154   1.000  6.23558E-01  8.63020E-01 -2.57285E-01
    8992.647     -3.764   1.050  6.53628E-01  8.73846E-01 -2.34956E-01
    8993.057     -3.354   1.100  6.85441E-01  8.84672E-01 -2.11090E-01
    8993.485     -2.926   1.150  7.18955E-01  8.93607E-01 -1.83977E-01
    8993.933     -2.478   1.200  7.53313E-01  9.02541E-01 -1.56290E-01
    8994.400     -2.011   1.250  7.88650E-01  9.09765E-01 -1.26278E-01
    8994.885     -1.526   1.300  8.24191E-01  9.16989E-01 -9.63213E-02
    8995.390     -1.021   1.350  8.60139E-01  9.22666E-01 -6.46890E-02
    8995.914     -0.497   1.400  8.95908E-01  9.28343E-01 -3.34473E-02
    8996.457      0.046   1.450  9.31508E-01  9.32626E-01 -1.15058E-03
    8997.019      0.608   1.500  9.66289E-01  9.36909E-01  3.01712E-02
    8997.600      1.189   1.550  9.99790E-01  9.39958E-01  6.13806E-02
    8998.200      1.789   1.600  1.03102E+00  9.43006E-01  9.02006E-02
    8998.819      2.408   1.650  1.05910E+00  9.45021E-01  1.16895E-01
    8999.457      3.046   1.700  1.08240E+00  9.47036E-01  1.38689E-01
    9000.115      3.704   1.750  1.10117E+00  9.48168E-01  1.56856E-01
    9000.791      4.380   1.800  1.11154E+00  9.49301E-01  1.66427E-01
    9001.486      5.075   1.850  1.11594E+00  9.49748E-01  1.70673E-01
    9002.201      5.790   1.900  1.11359E+00  9.50196E-01  1.67996E-01
    9002.934      6.523   1.950  1.10521E+00  9.49998E-01  1.59817E-01
    9003.686      7.275   2.000  1.09297E+00  9.49799E-01  1.47651E-01
    9004.458      8.047   2.050  1.07733E+00  9.49069E-01  1.32566E-01
    9005.249      8.838   2.100  1.06188E+00  9.48338E-01  1.17610E-01
    9006.058      9.647   2.150  1.04835E+00  9.47607E-01  1.04575E-01
    9006.887     10.476   2.200  1.03753E+00  9.46876E-01  9.43094E-02
    9007.735     11.324   2.250  1.03339E+00  9.49522E-01  8.73813E-02
    9008.601     12.190   2.300  1.03036E+00  9.52168E-01  8.15930E-02
    9009.487     13.076   2.350  1.02576E+00  9.54814E-01  7.41417E-02
    9010.392     13.981   2.400  1.01724E+00  9.57461E-01  6.25639E-02
    9011.316     14.905   2.450  1.00571E+00  9.60891E-01  4.68894E-02
    9012.259     15.848   2.500  9.89278E-01  9.64321E-01  2.61036E-02
    9013.221     16.810   2.550  9.69247E-01  9.67751E-01  1.56409E-03
    9014.202     17.791   2.600  9.48306E-01  9.71182E-01 -2.39120E-02
    9015.202     18.791   2.650  9.27980E-01  9.72134E-01 -4.61161E-02
    9016.221     19.810   2.700  9.10618E-01  9.73087E-01 -6.51922E-02
    9017.260     20.849   2.750  8.98342E-01  9.74039E-01 -7.89335E-02
    9018.317     21.906   2.800  8.92815E-01  9.74992E-01 -8.56210E-02
    9019.393     22.982   2.850  8.91366E-01  9.75981E-01 -8.79422E-02
    9020.489     24.078   2.900  8.98144E-01  9.76971E-01 -8.17236E-02
    9021.603     25.192   2.950  9.12304E-01  9.77960E-01 -6.79017E-02
    9022.736     26.325   3.000  9.31971E-01  9.78950E-01 -4.84656E-02
    9023.889     27.478   3.050  9.55533E-01  9.80126E-01 -2.53048E-02
    9025.061     28.649   3.100  9.81122E-01  9.81302E-01 -1.85133E-04
    9026.251     29.840   3.150  1.00528E+00  9.82478E-01  2.33358E-02
    9027.461     31.050   3.200  1.02459E+00  9.83654E-01  4.17906E-02
    9028.690     32.278   3.250  1.04176E+00  9.84994E-01  5.78072E-02
    9029.937     33.526   3.300  1.05102E+00  9.86333E-01  6.57028E-02
    9031.204     34.793   3.350  1.05109E+00  9.87672E-01  6.42414E-02
    9032.490     36.079   3.400  1.04224E+00  9.89011E-01  5.37853E-02
    9033.795     37.384   3.450  1.02891E+00  9.90177E-01  3.90479E-02
    9035.119     38.708   3.500  1.00966E+00  9.91342E-01  1.84188E-02
    9036.462     40.051   3.550  9.87603E-01  9.92508E-01 -4.92014E-03
    9037.824     41.413   3.600  9.66018E-01  9.93673E-01 -2.76794E-02
    9039.205     42.794   3.650  9.47537E-01  9.94877E-01 -4.72859E-02
    9040.605     44.194   3.700  9.33833E-01  9.96080E-01 -6.20499E-02
    9042.024     45.613   3.750  9.26488E-01  9.97284E-01 -7.04287E-02
    9043.463     47.052   3.800  9.25706E-01  9.98488E-01 -7.22574E-02
    9044.920     48.509   3.850  9.29944E-01  9.99446E-01 -6.89060E-02
    9046.396     49.985   3.900  9.38727E-01  1.00040E+00 -6.10636E-02
    9047.892     51.481   3.950  9.50058E-01  1.00136E+00 -5.07239E-02
    9049.406     52.995   4.000  9.61828E-01  1.00232E+00 -3.99792E-02
    9050.940     54.529   4.050  9.72932E-01  1.00302E+00 -2.96826E-02
    9052.492     56.081   4.100  9.82066E-01  1.00372E+00 -2.13455E-02
    9054.064     57.653   4.150  9.88841E-01  1.00442E+00 -1.53454E-02
    9055.655     59.244   4.200  9.93695E-01  1.00513E+00 -1.12457E-02
    9057.264     60.853   4.250  9.97941E-01  1.00541E+00 -7.34816E-03
    9058.893     62.482   4.300  1.00238E+00  1.00570E+00 -3.26812E-03
    9060.541     64.130   4.350  1.00824E+00  1.00599E+00  2.21184E-03
    9062.208     65.797   4.400  1.01651E+00  1.00628E+00  1.00425E-02
    9063.894     67.483   4.450  1.02678E+00  1.00623E+00  2.01787E-02
    9065.599     69.188   4.500  1.03918E+00  1.00618E+00  3.23951E-02
    9067.323     70.912   4.550  1.05297E+00  1.00614E+00  4.59860E-02
    9069.066     72.655   4.600  1.06700E+00  1.00609E+00  5.98115E-02
    9070.828     74.417   4.650  1.07896E+00  1.00589E+00  7.17680E-02
    9072.609     76.198   4.700  1.08842E+00  1.00569E+00  8.12881E-02
    9074.409     77.998   4.750  1.09435E+00  1.00549E+00  8.73383E-02
    9076.229     79.818   4.800  1.09596E+00  1.00529E+00  8.91425E-02
    9078.067     81.656   4.850  1.09237E+00  1.00477E+00  8.61486E-02
    9079.924     83.513   4.900  1.08423E+00  1.00425E+00  7.86754E-02
    9081.801     85.390   4.950  1.07163E+00  1.00372E+00  6.68144E-02
    9083.696     87.285   5.000  1.05488E+00  1.00320E+00  5.08651E-02
    9085.611     89.200   5.050  1.03472E+00  1.00267E+00  3.15621E-02
    9087.544     91.133   5.100  1.01161E+00  1.00213E+00  9.33455E-03
    9089.497     93.086   5.150  9.86444E-01  1.00160E+00 -1.49311E-02
    9091.469     95.058   5.200  9.60457E-01  1.00107E+00 -4.00244E-02
    9093.459     97.048   5.250  9.35130E-01  1.00058E+00 -6.45334E-02
    9095.469     99.058   5.300  9.12189E-01  1.00010E+00 -8.67039E-02
    9097.498    101.087   5.350  8.93496E-01  9.99618E-01 -1.04698E-01
    9099.546    103.135   5.400  8.80708E-01  9.99136E-01 -1.16875E-01
    9101.613    105.202   5.450  8.75216E-01  9.98723E-01 -1.21909E-01
    9103.699    107.288   5.500  8.77347E-01  9.98311E-01 -1.19419E-01
    9105.804    109.393   5.550  8.86682E-01  9.97898E-01 -1.09815E-01
    9107.928    111.517   5.600  9.01950E-01  9.97485E-01 -9.43474E-02
    9110.071    113.660   5.650  9.21622E-01  9.97191E-01 -7.46395E-02
    9112.233    115.822   5.700  9.43090E-01  9.96897E-01 -5.31515E-02
    9114.414    118.003   5.750  9.64250E-01  9.96603E-01 -3.19637E-02
    9116.614    120.203   5.800  9.83593E-01  9.96309E-01 -1.25650E-02
    9118.834    122.423   5.850  1.00066E+00  9.96085E-01  4.52100E-03
    9121.072    124.661   5.900  1.01563E+00  9.95861E-01  1.95382E-02
    9123.330    126.919   5.950  1.02980E+00  9.95636E-01  3.37566E-02
    9125.606    129.195   6.000  1.04487E+00  9.95412E-01  4.88730E-02
    9127.902    131.490   6.050  1.06241E+00  9.95254E-01  6.63835E-02
    9130.216    133.805   6.100  1.08310E+00  9.95097E-01  8.70109E-02
    9132.550    136.139   6.150  1.10629E+00  9.94940E-01  1.10118E-01
    9134.902    138.491   6.200  1.12976E+00  9.94782E-01  1.33510E-01
    9137.274    140.863   6.250  1.14987E+00  9.94625E-01  1.53592E-01
    9139.665    143.254   6.300  1.16213E+00  9.94467E-01  1.65912E-01
    9142.075    145.664   6.350  1.16203E+00  9.94310E-01  1.66010E-01
    9144.504    148.092   6.400  1.14609E+00  9.94153E-01  1.50422E-01
    9146.951    150.540   6.450  1.11278E+00  9.93995E-01  1.17625E-01
    9149.418    153.007   6.500  1.06321E+00  9.93838E-01  6.87103E-02
    9151.904    155.493   6.550  1.00034E+00  9.93298E-01  6.98312E-03
    9154.409    157.998   6.600  9.32325E-01  9.92758E-01 -5.99513E-02
    9156.934    160.523   6.650  8.67538E-01  9.92218E-01 -1.23786E-01
    9159.477    163.066   6.700  8.14546E-01  9.91678E-01 -1.76003E-01
    9162.039    165.628   6.750  7.80613E-01  9.91138E-01 -2.09351E-01
    9164.620    168.209   6.800  7.70360E-01  9.90598E-01 -2.19187E-01
    9167.221    170.810   6.850  7.84844E-01  9.90058E-01 -2.04399E-01
    9169.840    173.429   6.900  8.21275E-01  9.89518E-01 -1.67710E-01
    9172.478    176.067   6.950  8.73420E-01  9.88978E-01 -1.15285E-01
    9175.136    178.725   7.000  9.32676E-01  9.88438E-01 -5.56754E-02
    9177.812    181.401   7.050  9.89288E-01  9.87442E-01  1.84578E-03
    9180.508    184.097   7.100  1.03460E+00  9.86446E-01  4.82100E-02
    9183.222    186.811   7.150  1.06262E+00  9.85449E-01  7.73614E-02
    9185.956    189.545   7.200  1.07095E+00  9.84453E-01  8.68300E-02
    9188.709    192.298   7.250  1.06113E+00  9.83457E-01  7.80766E-02
    9191.481    195.070   7.300  1.03816E+00  9.82460E-01  5.60631E-02
    9194.271    197.860   7.350  1.00938E+00  9.81464E-01  2.81370E-02
    9197.081    200.670   7.400  9.82902E-01  9.80468E-01  2.45699E-03
    9199.910    203.499   7.450  9.65897E-01  9.79471E-01 -1.37203E-02
    9202.758    206.347   7.500  9.63117E-01  9.78475E-01 -1.55443E-02
    9205.625    209.214   7.550  9.76096E-01  9.77444E-01 -1.36653E-03
    9208.511    212.100   7.600  1.00219E+00  9.76413E-01  2.61588E-02
    9211.416    215.005   7.650  1.03591E+00  9.75382E-01  6.14984E-02
    9214.341    217.929   7.700  1.06985E+00  9.74351E-01  9.71546E-02
    9217.284    220.873   7.750  1.09625E+00  9.73320E-01  1.25223E-01
    9220.246    223.835   7.800  1.10857E+00  9.72289E-01  1.39008E-01
    9223.227    226.816   7.850  1.10283E+00  9.71258E-01  1.34371E-01
    9226.228    229.817   7.900  1.07832E+00  9.70227E-01  1.10536E-01
    9229.247    232.836   7.950  1.03777E+00  9.69196E-01  7.02187E-02
    9232.286    235.875   8.000  9.86747E-01  9.68165E-01  1.90522E-02
    9235.343    238.932   8.050  9.32510E-01  9.67214E-01 -3.56255E-02
    9238.420    242.009   8.100  8.82860E-01  9.66264E-01 -8.57212E-02
    9241.515    245.104   8.150  8.44267E-01  9.65313E-01 -1.24562E-01
    9244.630    248.219   8.200  8.20966E-01  9.64362E-01 -1.47742E-01
    9247.764    251.353   8.250  8.14378E-01  9.63411E-01 -1.53738E-01
    9250.916    254.505   8.300  8.23127E-01  9.62461E-01 -1.43908E-01
    9254.088    257.677   8.350  8.43600E-01  9.61510E-01 -1.21931E-01
    9257.279    260.868   8.400  8.70903E-01  9.60559E-01 -9.28276E-02
    9260.489    264.078   8.450  8.99973E-01  9.59608E-01 -6.18208E-02
    9263.718    267.307   8.500  9.26601E-01  9.58658E-01 -3.32725E-02
    9266.966    270.555   8.550  9.48284E-01  9.57875E-01 -9.96524E-03
    9270.233    273.822   8.600  9.64160E-01  9.57091E-01  7.35281E-03
    9273.519    277.108   8.650  9.75147E-01  9.56308E-01  1.96166E-02
    9276.824    280.413   8.700  9.83217E-01  9.55525E-01  2.88667E-02
    9280.148    283.737   8.750  9.90619E-01  9.54742E-01  3.74391E-02
    9283.492    287.081   8.800  9.99100E-01  9.53959E-01  4.71584E-02
    9286.854    290.443   8.850  1.00934E+00  9.53176E-01  5.87358E-02
    9290.235    293.824   8.900  1.02070E+00  9.52392E-01  7.15147E-02
    9293.636    297.225   8.950  1.03139E+00  9.51609E-01  8.36127E-02
    9297.055    300.644   9.000  1.03890E+00  9.50826E-01  9.24116E-02
    9300.494    304.083   9.050  1.04066E+00  9.49970E-01  9.52631E-02
    9303.951    307.540   9.100  1.03475E+00  9.49114E-01  9.00643E-02
    9307.428    311.017   9.150  1.02064E+00  9.48258E-01  7.62083E-02
    9310.924    314.513   9.200  9.99280E-01  9.47402E-01  5.46828E-02
    9314.438    318.027   9.250  9.73025E-01  9.46547E-01  2.79431E-02
    9317.972    321.561   9.300  9.45157E-01  9.45691E-01 -5.63256E-04
    9321.525    325.114   9.350  9.19209E-01  9.44835E-01 -2.71057E-02
    9325.097    328.686   9.400  8.98235E-01  9.43979E-01 -4.84409E-02
    9328.688    332.277   9.450  8.84208E-01  9.43123E-01 -6.24615E-02
    9332.298    335.887   9.500  8.77665E-01  9.42267E-01 -6.85706E-02
    9335.927    339.516   9.550  8.77659E-01  9.41245E-01 -6.75725E-02
    9339.575    343.164   9.600  8.82222E-01  9.40223E-01 -6.17097E-02
    9343.242    346.831   9.650  8.88688E-01  9.39201E-01 -5.38065E-02
    9346.928    350.517   9.700  8.94572E-01  9.38179E-01 -4.65056E-02
    9350.633    354.222   9.750  8.98207E-01  9.37156E-01 -4.15880E-02
    9354.357    357.946   9.800  8.99144E-01  9.36134E-01 -3.95435E-02
    9358.101    361.690   9.850  8.98213E-01  9.35112E-01 -3.94932E-02
    9361.863    365.452   9.900  8.97247E-01  9.34090E-01 -3.94805E-02
    9365.645    369.233   9.950  8.98533E-01  9.33068E-01 -3.70517E-02
    9369.445    373.034  10.000  9.04133E-01  9.32046E-01 -2.99828E-02
    9373.264    376.853  10.050  9.15098E-01  9.31047E-01 -1.71480E-02
    9377.103    380.692  10.100  9.31688E-01  9.30047E-01  1.76556E-03
    9380.961    384.550  10.150  9.52436E-01  9.29048E-01  2.51952E-02
    9384.837    388.426  10.200  9.74522E-01  9.28048E-01  5.01140E-02
    9388.733    392.322  10.250  9.94297E-01  9.27049E-01  7.25859E-02
    9392.648    396.237  10.300  1.00804E+00  9.26050E-01  8.85841E-02
    9396.582    400.171  10.350  1.01279E+00  9.25050E-01  9.48915E-02
    9400.534    404.123  10.400  1.00707E+00  9.24051E-01  8.98697E-02
    9404.506    408.095  10.450  9.91264E-01  9.23051E-01  7.39146E-02
    9408.497    412.086  10.500  9.67668E-01  9.22052E-01  4.94778E-02
    9412.507    416.096  10.550  9.40058E-01  9.21053E-01  2.06345E-02
    9416.536    420.125  10.600  9.12951E-01  9.20053E-01 -7.71832E-03
    9420.584    424.173  10.650  8.90682E-01  9.19054E-01 -3.08635E-02
    9424.652    428.241  10.700  8.76503E-01  9.18054E-01 -4.52452E-02
    9428.738    432.327  10.750  8.71906E-01  9.17055E-01 -4.92109E-02
    9432.843    436.432  10.800  8.76328E-01  9.16056E-01 -4.33450E-02
    9436.967    440.556  10.850  8.87298E-01  9.15056E-01 -3.03149E-02
    9441.111    444.700  10.900  9.01015E-01  9.14057E-01 -1.42576E-02
    9445.273    448.862  10.950  9.13203E-01  9.13057E-01  1.59494E-04
    9449.455    453.044  11.000  9.20090E-01  9.12058E-01  8.79809E-03
    9453.655    457.244  11.050  9.19398E-01  9.11065E-01  9.13643E-03
    9457.875    461.464  11.100  9.10421E-01  9.10072E-01  3.82875E-04
    9462.113    465.702  11.150  8.94594E-01  9.09079E-01 -1.59156E-02
    9466.371    469.960  11.200  8.75144E-01  9.08086E-01 -3.62325E-02
    9470.648    474.237  11.250  8.56416E-01  9.07093E-01 -5.57962E-02
    9474.943    478.532  11.300  8.42938E-01  9.06100E-01 -6.96137E-02
    9479.258    482.847  11.350  8.38428E-01  9.05107E-01 -7.35664E-02
    9483.592    487.181  11.400  8.44953E-01  9.04114E-01 -6.53392E-02
    9487.945    491.534  11.450  8.62432E-01  9.03121E-01 -4.49845E-02
    9492.317    495.906  11.500  8.88580E-01  9.02128E-01 -1.49944E-02
    9496.708    500.297  11.550  9.19309E-01  9.01135E-01  2.01338E-02
    9501.118    504.707  11.600  9.49511E-01  9.00142E-01  5.47505E-02
    9505.547    509.136  11.650  9.74045E-01  8.99149E-01  8.31466E-02
    9509.995    513.584  11.700  9.88731E-01  8.98156E-01  1.00658E-01
    9514.462    518.051  11.750  9.91145E-01  8.97163E-01  1.04553E-01
    9518.949    522.538  11.800  9.81050E-01  8.96170E-01  9.45257E-02
    9523.454    527.043  11.850  9.60389E-01  8.95177E-01  7.26986E-02
    9527.978    531.567  11.900  9.32847E-01  8.94184E-01  4.31470E-02
    9532.522    536.111  11.950  9.03086E-01  8.93191E-01  1.10538E-02
    9537.084    540.673  12.000  8.75816E-01  8.92198E-01 -1.83211E-02
    9541.666    545.255  12.050  8.54537E-01  8.91016E-01 -4.08488E-02
    9546.266    549.855  12.100  8.41877E-01  8.89834E-01 -5.37712E-02
    9550.886    554.475  12.150  8.38420E-01  8.88651E-01 -5.63951E-02
    9555.525    559.114  12.200  8.42940E-01  8.87469E-01 -5.00574E-02
    9560.182    563.771  12.250  8.52805E-01  8.86287E-01 -3.76884E-02
    9564.859    568.448  12.300  8.64635E-01  8.85104E-01 -2.30716E-02
    9569.555    573.144  12.350  8.75086E-01  8.83922E-01 -9.97198E-03
    9574.270    577.859  12.400  8.81567E-01  8.82740E-01 -1.32477E-03
    9579.004    582.593  12.450  8.82746E-01  8.81557E-01  1.34491E-03
    9583.757    587.346  12.500  8.78749E-01  8.80375E-01 -1.84231E-03
    9588.529    592.118  12.550  8.71029E-01  8.79193E-01 -9.26243E-03
    9593.320    596.909  12.600  8.61938E-01  8.78010E-01 -1.82585E-02
    9598.130    601.719  12.650  8.54131E-01  8.76828E-01 -2.58188E-02
    9602.959    606.548  12.700  8.49919E-01  8.75646E-01 -2.93038E-02
    9607.807    611.396  12.750  8.50741E-01  8.74463E-01 -2.70565E-02
    9612.674    616.263  12.800  8.56848E-01  8.73281E-01 -1.87672E-02
    9617.561    621.150  12.850  8.67271E-01  8.72099E-01 -5.52110E-03
    9622.466    626.055  12.900  8.80058E-01  8.70916E-01  1.04686E-02
    9627.390    630.979  12.950  8.92731E-01  8.69734E-01  2.63684E-02
    9632.334    635.923  13.000  9.02825E-01  8.68552E-01  3.93510E-02
    9637.296    640.885  13.050  9.08582E-01  8.67412E-01  4.73298E-02
    9642.278    645.867  13.100  9.08823E-01  8.66272E-01  4.89803E-02
    9647.279    650.868  13.150  9.03610E-01  8.65133E-01  4.43488E-02
    9652.298    655.887  13.200  8.94025E-01  8.63993E-01  3.46592E-02
    9657.337    660.926  13.250  8.81879E-01  8.62853E-01  2.19851E-02
    9662.395    665.984  13.300  8.69280E-01  8.61714E-01  8.75498E-03
    9667.471    671.060  13.350  8.58167E-01  8.60574E-01 -2.78846E-03
    9672.567    676.156  13.400  8.49909E-01  8.59434E-01 -1.10507E-02
    9677.682    681.271  13.450  8.45064E-01  8.58295E-01 -1.53692E-02
    9682.816    686.405  13.500  8.43344E-01  8.57155E-01 -1.60633E-02
    9687.969    691.558  13.550  8.43777E-01  8.56015E-01 -1.42528E-02
    9693.141    696.730  13.600  8.45014E-01  8.54876E-01 -1.15005E-02
    9698.332    701.921  13.650  8.45709E-01  8.53736E-01 -9.37254E-03
    9703.542    707.131  13.700  8.44875E-01  8.52596E-01 -9.02740E-03
    9708.772    712.361  13.750  8.42122E-01  8.51457E-01 -1.09287E-02
    9714.020    717.609  13.800  8.37736E-01  8.50317E-01 -1.47478E-02
    9719.287    722.876  13.850  8.32589E-01  8.49177E-01 -1.94715E-02
    9724.574    728.163  13.900  8.27890E-01  8.48038E-01 -2.36808E-02
    9729.879    733.468  13.950  8.24868E-01  8.46898E-01 -2.59269E-02
    9735.203    738.792  14.000  8.24451E-01  8.45758E-01 -2.51098E-02
    9740.547    744.136  14.050  8.26888E-01  8.44516E-01 -2.08049E-02
    9745.910    749.498  14.100  8.32112E-01  8.43273E-01 -1.31927E-02
    9751.291    754.880  14.150  8.39254E-01  8.42031E-01 -3.28707E-03
    9756.692    760.281  14.200  8.47017E-01  8.40789E-01  7.38421E-03
    9762.111    765.700  14.250  8.53967E-01  8.39546E-01  1.71226E-02
    9767.550    771.139  14.300  8.58854E-01  8.38304E-01  2.44372E-02
    9773.008    776.597  14.350  8.60881E-01  8.37061E-01  2.83680E-02
    9778.485    782.074  14.400  8.59861E-01  8.35819E-01  2.86762E-02
    9783.981    787.570  14.450  8.56223E-01  8.34576E-01  2.58589E-02
    9789.496    793.085  14.500  8.50877E-01  8.33334E-01  2.09887E-02
    9795.030    798.619  14.550  8.44961E-01  8.32091E-01  1.54209E-02
    9800.583    804.172  14.600  8.39551E-01  8.30849E-01  1.04423E-02
    9806.155    809.744  14.650  8.35390E-01  8.29606E-01  6.95098E-03
    9811.746    815.335  14.700  8.32721E-01  8.28364E-01  5.24476E-03
    9817.356    820.945  14.750  8.31246E-01  8.27122E-01  4.97194E-03
    9822.985    826.574  14.800  8.30231E-01  8.25879E-01  5.25460E-03
    9828.634    832.223  14.850  8.28733E-01  8.24637E-01  4.95350E-03
    9834.301    837.890  14.900  8.25878E-01  8.23394E-01  3.00789E-03
    9839.988    843.577  14.950  8.21133E-01  8.22152E-01 -1.23589E-03
    9845.693    849.282  15.000  8.14497E-01  8.20909E-01 -7.79078E-03
    9851.417    855.006  15.050  8.06520E-01  8.19663E-01 -1.59921E-02
    9857.161    860.750  15.100  7.98291E-01  8.18416E-01 -2.45248E-02
    9862.924    866.513  15.150  7.91179E-01  8.17170E-01 -3.17213E-02
    9868.705    872.294  15.200  7.86540E-01  8.15923E-01 -3.59170E-02
    9874.506    878.095  15.250  7.85400E-01  8.14677E-01 -3.58416E-02
    9880.326    883.915  15.300  7.88193E-01  8.13430E-01 -3.09444E-02
    9886.165    889.754  15.350  7.94615E-01  8.12184E-01 -2.15747E-02
    9892.022    895.611  15.400  8.03644E-01  8.10937E-01 -8.96990E-03
    9897.899    901.488  15.450  8.13712E-01  8.09691E-01  4.95329E-03
    9903.795    907.384  15.500  8.23004E-01  8.08444E-01  1.79628E-02
    9909.710    913.299  15.550  8.29821E-01  8.07198E-01  2.79547E-02
    9915.644    919.233  15.600  8.32922E-01  8.05951E-01  3.33791E-02
    9921.597    925.186  15.650  8.31777E-01  8.04705E-01  3.35561E-02
    9927.570    931.159  15.700  8.26665E-01  8.03458E-01  2.88100E-02
    9933.561    937.150  15.750  8.18613E-01  8.02212E-01  2.03928E-02
    9939.571    943.160  15.800  8.09165E-01  8.00965E-01  1.02116E-02
    9945.600    949.189  15.850  8.00055E-01  7.99719E-01  4.19668E-04
    9951.649    955.238  15.900  7.92837E-01  7.98472E-01 -7.04000E-03
    9957.716    961.305  15.950  7.88563E-01  7.97226E-01 -1.08396E-02
    9963.802    967.391  16.000  7.87575E-01  7.95979E-01 -1.05322E-02
    9969.908    973.497  16.050  7.89408E-01  7.94693E-01 -6.63399E-03
    9976.033    979.622  16.100  7.93057E-01  7.93407E-01 -4.39717E-04
    9982.176    985.765  16.150  7.97073E-01  7.92120E-01  6.23844E-03
    9988.339    991.928  16.200  7.99948E-01  7.90834E-01  1.14986E-02
    9994.520    998.109  16.250  8.00451E-01  7.89547E-01  1.37782E-02
   10000.721   1004.310  16.300  7.97901E-01  7.88261E-01  1.22021E-02
   10006.941   1010.530  16.350  7.92319E-01  7.86974E-01  6.77685E-03
   10013.180   1016.769  16.400  7.84419E-01  7.85688E-01 -1.61104E-03
   10019.438   1023.027  16.450  7.75450E-01  7.84401E-01 -1.13872E-02
   10025.715   1029.304  16.500  7.66927E-01  7.83115E-01 -2.06282E-02
   10032.011   1035.600  16.550  7.60307E-01  7.81829E-01 -2.74705E-02
   10038.326   1041.915  16.600  7.56686E-01  7.80542E-01 -3.05006E-02
   10044.660   1048.249  16.650  7.56578E-01  7.79256E-01 -2.90430E-02
   10051.013   1054.602  16.700  7.59817E-01  7.77969E-01 -2.32866E-02
   10057.385   1060.974  16.750  7.65610E-01  7.76683E-01 -1.42288E-02
   10063.776   1067.365  16.800  7.72714E-01  7.75396E-01 -3.45270E-03
   10070.187   1073.776  16.850  7.79700E-01  7.74110E-01  7.20751E-03
   10076.616   1080.205  16.900  7.85242E-01  7.72823E-01  1.60396E-02
   10083.065   1086.654  16.950  7.88374E-01  7.71537E-01  2.17831E-02
   10089.532   1093.121  17.000  7.88652E-01  7.70251E-01  2.38483E-02
   10096.018   1099.607  17.050  7.86196E-01  7.68944E-01  2.23973E-02
   10102.524   1106.113  17.100  7.81630E-01  7.67637E-01  1.81975E-02
   10109.049   1112.638  17.150  7.75916E-01  7.66330E-01  1.24877E-02
   10115.592   1119.181  17.200  7.70112E-01  7.65023E-01  6.64167E-03
   10122.155   1125.744  17.250  7.65139E-01  7.63716E-01  1.85995E-03
   10128.737   1132.326  17.300  7.61587E-01  7.62409E-01 -1.07613E-03
   10135.338   1138.926  17.350  7.59624E-01  7.61102E-01 -1.93844E-03
   10141.957   1145.546  17.400  7.58996E-01  7.59795E-01 -1.05083E-03
   10148.596   1152.185  17.450  7.59125E-01  7.58488E-01  8.38392E-04
   10155.254   1158.843  17.500  7.59284E-01  7.57181E-01  2.77322E-03
   10161.931   1165.520  17.550  7.58782E-01  7.55874E-01  3.84093E-03
   10168.627   1172.216  17.600  7.57135E-01  7.54568E-01  3.39754E-03
   10175.342   1178.931  17.650  7.54179E-01  7.53261E-01  1.21741E-03
   10182.076   1185.665  17.700  7.50099E-01  7.51954E-01 -2.46329E-03
   10188.830   1192.419  17.750  7.45375E-01  7.50647E-01 -7.01324E-03
   10195.602   1199.191  17.800  7.40665E-01  7.49340E-01 -1.15612E-02
   10202.393   1205.982  17.850  7.36648E-01  7.48033E-01 -1.51994E-02
   10209.204   1212.793  17.900  7.33876E-01  7.46726E-01 -1.71856E-02
   10216.033   1219.622  17.950  7.32657E-01  7.45419E-01 -1.70981E-02
   10222.881   1226.470  18.000  7.33002E-01  7.44112E-01 -1.49115E-02
   10229.749   1233.338  18.050  7.34632E-01  7.42795E-01 -1.09761E-02
   10236.635   1240.224  18.100  7.37095E-01  7.41479E-01 -5.90461E-03
   10243.541   1247.130  18.150  7.39801E-01  7.40162E-01 -4.86958E-04
   10250.466   1254.055  18.200  7.42182E-01  7.38845E-01  4.51114E-03
   10257.409   1260.998  18.250  7.43801E-01  7.37528E-01  8.49584E-03
   10264.372   1267.961  18.300  7.44420E-01  7.36212E-01  1.11382E-02
   10271.354   1274.943  18.350  7.44014E-01  7.34895E-01  1.23962E-02
   10278.355   1281.944  18.400  7.42733E-01  7.33578E-01  1.24680E-02
   10285.375   1288.964  18.450  7.40833E-01  7.32261E-01  1.16954E-02
   10292.414   1296.003  18.500  7.38588E-01  7.30945E-01  1.04478E-02
   10299.472   1303.061  18.550  7.36214E-01  7.29628E-01  9.01891E-03
   10306.549   1310.138  18.600  7.33824E-01  7.28311E-01  7.56292E-03
   10313.645   1317.234  18.650  7.31421E-01  7.26994E-01  6.08434E-03
   10320.760   1324.349  18.700  7.28930E-01  7.25678E-01  4.47916E-03
   10327.894   1331.483  18.750  7.26254E-01  7.24361E-01  2.61149E-03
   10335.047   1338.636  18.800  7.23333E-01  7.23044E-01  3.99849E-04
   10342.220   1345.809  18.850  7.20200E-01  7.21727E-01 -2.11479E-03
   10349.411   1353.000  18.900  7.16993E-01  7.20411E-01 -4.74123E-03
   10356.621   1360.210  18.950  7.13942E-01  7.19094E-01 -7.16086E-03
   10363.851   1367.440  19.000  7.11316E-01  7.17777E-01 -8.99669E-03
   10371.099   1374.688  19.050  7.09332E-01  7.16451E-01 -9.93084E-03
   10378.367   1381.956  19.100  7.08156E-01  7.15124E-01 -9.74018E-03
   10385.653   1389.242  19.150  7.07783E-01  7.13798E-01 -8.42409E-03
   10392.959   1396.548  19.200  7.08041E-01  7.12472E-01 -6.21658E-03
   10400.284   1403.873  19.250  7.08619E-01  7.11145E-01 -3.55204E-03
   10407.628   1411.217  19.300  7.09127E-01  7.09819E-01 -9.75325E-04
   10414.990   1418.579  19.350  7.09190E-01  7.08493E-01  9.84058E-04
   10422.372   1425.961  19.400  7.08541E-01  7.07166E-01  1.94336E-03
   10429.773   1433.362  19.450  7.07089E-01  7.05840E-01  1.76981E-03
   10437.193   1440.782  19.500  7.04956E-01  7.04514E-01  6.27412E-04
   10444.632   1448.221  19.550  7.02450E-01  7.03187E-01 -1.04823E-03
   10452.090   1455.679  19.600  7.00004E-01  7.01861E-01 -2.64518E-03
   10459.567   1463.156  19.650  6.98068E-01  7.00535E-01 -3.52089E-03
   10467.063   1470.652  19.700  6.96995E-01  6.99208E-01 -3.16541E-03
   10474.578   1478.167  19.750  6.96945E-01  6.97882E-01 -1.34287E-03
   10482.113   1485.702  19.800  6.97826E-01  6.96556E-01  1.82454E-03
   10489.666   1493.255  19.850  6.99298E-01  6.95229E-01  5.85337E-03
   10497.238   1500.827  19.900  7.00827E-01  6.93903E-01  9.98196E-03
   10504.830   1508.419  19.950  7.01802E-01  6.92577E-01  1.33244E-02
   10512.440   1516.029  20.000  7.01659E-01  6.91250E-01  1.50633E-02
